0.005000 0.000000
0.015000 0.000000
0.025000 0.000000
0.035000 0.000000
0.045000 0.000000
0.055000 0.000000
0.065000 0.000000
0.075000 0.000545
0.085000 0.001636
0.095000 0.002727
0.105000 0.003818
0.115000 0.005454
0.135000 0.007636
0.145000 0.009817
0.155000 0.011454
0.165000 0.012545
0.175000 0.014726
0.185000 0.016908
0.195000 0.019090
0.205000 0.021271
0.215000 0.023453
0.225000 0.025635
0.235000 0.028362
0.245000 0.030543
0.255000 0.032725
0.275000 0.038724
0.285000 0.041452
0.295000 0.044179
0.305000 0.047451
0.315000 0.050724
0.325000 0.053451
0.335000 0.056723
0.345000 0.060541
0.355000 0.064359
0.365000 0.067632
0.375000 0.071449
0.385000 0.074722
0.395000 0.079085
0.405000 0.082903
0.415000 0.087266
0.425000 0.091084
0.435000 0.095448
0.445000 0.100356
0.455000 0.104720
0.465000 0.109083
0.475000 0.114537
0.485000 0.118901
0.495000 0.123809
0.505000 0.129263
0.515000 0.134172
0.525000 0.139081
0.535000 0.144535
0.545000 0.149989
0.555000 0.155989
0.565000 0.161443
0.575000 0.166897
0.585000 0.172897
0.595000 0.178896
0.605000 0.184896
0.615000 0.190895
0.625000 0.197440
0.635000 0.203440
0.645000 0.209985
0.655000 0.216530
0.665000 0.223075
0.675000 0.230165
0.685000 0.236710
0.715000 0.258527
0.725000 0.265072
0.735000 0.272708
0.745000 0.280344
0.755000 0.287434
0.765000 0.295615
0.775000 0.303251
0.785000 0.310887
0.795000 0.319068
0.805000 0.326704
0.815000 0.334885
0.825000 0.343066
0.835000 0.351248
0.845000 0.360520
0.855000 0.368701
0.865000 0.376882
0.875000 0.386154
0.885000 0.395426
0.895000 0.404153
0.905000 0.412879
0.915000 0.422697
0.925000 0.431424
0.935000 0.440696
0.945000 0.450513
0.955000 0.459785
0.965000 0.469603
0.975000 0.479420
0.985000 0.488692
0.995000 0.499600
1.005000 0.509418
1.015000 0.519235
1.025000 0.529598
1.035000 0.539961
1.045000 0.550324
1.055000 0.561232
1.065000 0.572141
1.075000 0.582504
1.085000 0.593412
1.095000 0.604320
1.105000 0.615774
1.115000 0.626137
1.125000 0.637591
1.135000 0.649044
1.145000 0.660498
1.155000 0.671952
1.165000 0.683951
1.175000 0.695950
1.185000 0.707404
1.195000 0.719403
1.205000 0.731947
1.215000 0.743947
1.225000 0.755946
1.235000 0.768490
1.245000 0.781035
1.255000 0.793579
1.265000 0.806124
1.275000 0.818668
1.285000 0.831758
1.295000 0.844848
1.305000 0.857938
1.315000 0.871028
1.325000 0.884118
1.335000 0.897208
1.345000 0.910844
1.355000 0.925025
1.370000 0.938114
1.380000 0.952295
1.390000 0.965931
1.400000 0.980111
1.410000 0.994292
1.420000 1.008473
1.430000 1.022654
1.440000 1.037380
1.450000 1.051561
1.460000 1.066287
1.470000 1.081013
1.480000 1.095739
1.490000 1.110466
1.500000 1.125737
1.510000 1.140464
1.520000 1.155735
1.530000 1.171007
1.540000 1.186278
1.550000 1.202096
1.560000 1.217367
1.570000 1.233184
1.580000 1.249001
1.590000 1.265364
1.600000 1.280635
1.610000 1.296998
1.620000 1.313360
1.630000 1.329723
1.640000 1.345540
1.650000 1.362448
1.660000 1.378810
1.670000 1.395718
1.680000 1.412626
1.690000 1.428988
1.700000 1.446442
1.710000 1.463895
1.720000 1.480803
1.730000 1.497711
1.740000 1.515709
1.750000 1.533163
1.760000 1.550616
1.770000 1.568069
1.780000 1.586068
1.790000 1.604067
1.800000 1.622065
1.810000 1.640064
1.820000 1.658608
1.830000 1.676607
1.840000 1.694606
1.850000 1.713695
1.860000 1.731694
1.870000 1.750783
1.880000 1.769873
1.890000 1.788417
1.900000 1.806961
1.910000 1.826596
1.920000 1.845686
1.930000 1.865321
1.940000 1.884410
1.950000 1.904590
1.960000 1.923680
1.970000 1.943315
1.980000 1.963495
1.990000 1.983130
2.000000 2.003311
2.010000 2.023491
2.020000 2.043671
2.030000 2.063852
2.040000 2.084032
2.050000 2.104758
2.060000 2.125484
2.070000 2.145664
2.080000 2.166935
2.090000 2.187661
2.100000 2.208932
2.110000 2.230204
2.120000 2.250929
2.130000 2.272746
2.140000 2.294017
2.150000 2.315288
2.160000 2.337105
2.170000 2.358922
2.180000 2.380738
2.190000 2.402555
2.200000 2.424371
2.210000 2.446733
2.220000 2.468550
2.230000 2.491457
2.240000 2.513819
2.250000 2.536182
2.260000 2.559089
2.270000 2.581451
2.280000 2.604358
2.290000 2.627266
2.300000 2.650173
2.310000 2.673081
2.320000 2.696534
2.330000 2.719986
2.340000 2.743439
2.350000 2.767438
2.360000 2.790345
2.370000 2.814343
2.380000 2.838342
2.390000 2.862340
2.400000 2.886338
2.410000 2.910336
2.420000 2.934335
2.430000 2.958879
2.440000 2.983422
2.450000 3.007966
2.460000 3.032510
2.470000 3.057053
2.480000 3.082142
2.490000 3.107231
2.500000 3.131775
2.510000 3.157410
2.520000 3.182499
2.530000 3.208133
2.540000 3.233222
2.550000 3.258857
2.560000 3.284492
2.570000 3.310126
2.580000 3.335761
2.590000 3.361940
2.600000 3.387575
2.610000 3.413755
2.620000 3.440480
2.630000 3.466660
2.640000 3.492840
2.650000 3.519566
2.660000 3.546291
2.670000 3.573016
2.680000 3.599742
2.690000 3.627012
2.700000 3.653738
2.710000 3.681009
2.720000 3.708279
2.730000 3.735550
2.740000 3.762821
2.750000 3.790637
2.760000 3.818453
2.770000 3.845724
2.780000 3.874085
2.790000 3.901902
2.800000 3.929718
2.810000 3.958080
2.820000 3.986441
2.830000 4.014803
2.840000 4.043164
2.850000 4.071526
2.860000 4.100433
2.870000 4.129340
2.880000 4.158247
2.890000 4.187154
2.900000 4.216061
2.910000 4.245513
2.920000 4.274420
2.930000 4.303873
2.940000 4.332780
2.950000 4.362778
2.960000 4.392230
2.970000 4.422228
2.980000 4.452226
2.990000 4.481678
3.000000 4.511676
3.010000 4.542219
3.020000 4.572762
3.030000 4.603306
3.040000 4.633849
3.050000 4.664392
3.060000 4.694936
3.070000 4.725479
3.080000 4.756022
3.090000 4.787111
3.100000 4.818200
3.110000 4.849833
3.120000 4.880922
3.130000 4.912011
3.140000 4.943645
3.150000 4.975279
3.160000 5.006913
3.170000 5.038548
3.180000 5.070727
3.190000 5.102361
3.200000 5.134541
3.210000 5.166720
3.220000 5.198900
3.230000 5.231625
3.240000 5.264349
3.250000 5.296529
3.260000 5.329254
3.270000 5.361979
3.280000 5.395249
3.290000 5.427974
3.300000 5.460699
3.310000 5.493969
3.320000 5.527240
3.330000 5.561055
3.340000 5.593780
3.350000 5.627596
3.360000 5.661412
3.375000 5.695228
3.385000 5.729589
3.395000 5.763404
3.405000 5.797766
3.415000 5.831036
3.425000 5.865942
3.435000 5.900304
3.445000 5.934119
3.455000 5.969026
3.465000 6.003932
3.475000 6.038839
3.485000 6.073200
3.495000 6.108107
3.505000 6.143559
3.515000 6.178465
3.525000 6.213918
3.535000 6.249370
3.545000 6.284822
3.555000 6.320273
3.565000 6.356816
3.575000 6.391723
3.585000 6.427721
3.595000 6.463718
3.605000 6.500261
3.615000 6.536258
3.625000 6.572801
3.635000 6.608799
3.645000 6.645341
3.655000 6.681884
3.665000 6.718427
3.675000 6.755515
3.685000 6.792058
3.695000 6.829691
3.705000 6.866234
3.715000 6.903868
3.725000 6.940956
3.735000 6.978590
3.745000 7.015678
3.755000 7.053312
3.765000 7.090946
3.775000 7.128579
3.785000 7.166758
3.795000 7.204937
3.805000 7.243116
3.815000 7.281295
3.825000 7.319475
3.835000 7.357654
3.845000 7.396378
3.855000 7.435102
3.865000 7.473827
3.875000 7.512552
3.885000 7.551276
3.895000 7.590546
3.905000 7.629816
3.915000 7.669086
3.925000 7.708356
3.935000 7.747626
3.945000 7.786896
3.955000 7.826711
3.965000 7.865981
3.975000 7.906342
3.985000 7.946157
3.995000 7.985972
4.005000 8.026333
4.015000 8.066693
