0.005000 0.000012
0.015000 0.000112
0.025000 0.000312
0.035000 0.000613
0.045000 0.001012
0.055000 0.001512
0.065000 0.002112
0.075000 0.002812
0.085000 0.001976
0.095000 0.002331
0.105000 0.002240
0.115000 0.001704
0.125000 0.001268
0.135000 0.001477
0.145000 0.001240
0.155000 0.000559
0.165000 0.001068
0.175000 0.000586
0.185000 0.000750
0.195000 -0.000077
0.205000 0.000287
0.215000 0.000205
0.225000 0.000223
0.235000 -0.000204
0.245000 0.000015
0.255000 -0.000212
0.275000 -0.000367
0.285000 -0.000294
0.295000 -0.000121
0.305000 0.000152
0.315000 -0.000020
0.325000 -0.000093
0.335000 -0.000065
0.345000 0.000062
0.355000 -0.000256
0.365000 0.000072
0.375000 -0.000046
0.385000 -0.000064
0.395000 0.000018
0.405000 0.000200
0.415000 -0.000063
0.425000 -0.000226
0.435000 0.000256
0.445000 -0.000253
0.455000 -0.000116
0.465000 0.000120
0.475000 -0.000088
0.485000 -0.000197
0.495000 0.000339
0.505000 -0.000115
0.515000 -0.000469
0.525000 0.000368
0.535000 -0.000332
0.545000 0.000160
0.555000 -0.000340
0.565000 -0.000194
0.575000 0.000052
0.585000 -0.000148
0.595000 -0.000248
0.605000 -0.000247
0.615000 -0.000147
0.625000 0.000054
0.635000 -0.000191
0.645000 0.000209
0.655000 -0.000381
0.665000 0.000219
0.675000 -0.000171
0.685000 0.000084
0.705000 0.000348
0.715000 -0.000187
0.725000 -0.000078
0.735000 0.000132
0.745000 -0.000104
0.755000 -0.000240
0.765000 0.000270
0.775000 -0.000211
0.785000 -0.000047
0.795000 -0.000328
0.805000 0.000036
0.815000 -0.000045
0.825000 -0.000027
0.835000 0.000092
0.845000 0.000311
0.855000 0.000084
0.865000 -0.000042
0.875000 0.000476
0.885000 -0.000541
0.895000 0.000178
0.905000 -0.000095
0.915000 -0.000267
0.925000 -0.000339
0.935000 -0.000311
0.945000 -0.000183
0.955000 0.000045
0.965000 -0.000172
0.975000 -0.000290
0.985000 0.000238
0.995000 -0.000225
1.005000 -0.000042
1.015000 -0.000305
1.025000 0.000077
1.035000 0.000015
1.045000 0.000052
1.055000 0.000189
1.065000 -0.000120
1.075000 -0.000328
1.085000 0.000109
1.095000 0.000101
1.105000 -0.000353
1.115000 -0.000161
1.125000 0.000131
1.135000 -0.000023
1.145000 -0.000077
1.155000 -0.000031
1.165000 0.000116
1.175000 -0.000183
1.185000 0.000163
1.195000 0.000064
1.205000 -0.000481
1.215000 0.000165
1.225000 -0.000179
1.235000 0.000122
1.245000 -0.000023
1.255000 -0.000067
1.265000 -0.000012
1.275000 0.000144
1.285000 -0.000146
1.295000 0.000209
1.305000 -0.000426
1.315000 0.000129
1.330000 -0.000214
1.340000 0.000046
1.350000 0.000406
1.360000 -0.000224
1.370000 0.000336
1.380000 -0.000095
1.390000 0.000119
1.400000 -0.000112
1.410000 -0.000242
1.420000 0.000272
1.430000 -0.000204
1.440000 -0.000580
1.450000 0.000234
1.460000 0.000058
1.470000 -0.000018
1.480000 0.000006
1.490000 0.000130
1.500000 -0.000192
1.510000 -0.000414
1.520000 0.000010
1.530000 -0.000011
1.540000 0.000067
1.550000 -0.000300
1.560000 -0.000022
1.570000 -0.000189
1.580000 0.000289
1.590000 -0.000223
1.600000 -0.000090
1.610000 0.000143
1.620000 -0.000069
1.630000 -0.000182
1.640000 0.000351
1.650000 -0.000107
1.660000 0.000081
1.670000 -0.000177
1.680000 -0.000335
1.690000 0.000152
1.700000 0.000195
1.710000 -0.000209
1.720000 0.000033
1.730000 0.000376
1.740000 -0.000273
1.750000 -0.000276
1.760000 -0.000180
1.770000 0.000017
1.780000 -0.000232
1.790000 0.000165
1.800000 -0.000429
1.810000 0.000167
1.820000 -0.000227
1.830000 0.000025
1.840000 -0.000170
1.850000 -0.000264
1.860000 0.000288
1.870000 -0.000152
1.880000 0.000054
1.890000 -0.000185
1.900000 0.000220
1.910000 0.000181
1.920000 -0.000304
1.930000 -0.000144
1.940000 0.000117
1.950000 -0.000614
1.960000 -0.000153
1.970000 -0.000138
1.980000 -0.000023
1.990000 -0.000353
2.000000 -0.000038
2.010000 -0.000169
2.020000 -0.000199
2.030000 -0.000129
2.040000 0.000040
2.050000 0.000310
2.060000 -0.000411
2.070000 0.000058
2.080000 0.000082
2.090000 0.000207
2.100000 -0.000115
2.110000 -0.000336
2.120000 0.000088
2.130000 0.000067
2.140000 -0.000400
2.150000 0.000325
2.160000 -0.000487
2.170000 -0.000108
2.180000 -0.000175
2.190000 -0.000141
2.200000 -0.000008
2.210000 -0.000320
2.220000 0.000013
2.230000 -0.000099
2.240000 -0.000111
2.250000 -0.000023
2.260000 0.000165
2.270000 -0.000093
2.280000 0.000296
2.290000 -0.000307
2.300000 -0.000265
2.310000 0.000423
2.320000 0.000120
2.330000 -0.000082
2.340000 0.000360
2.350000 -0.000188
2.360000 -0.000091
2.370000 0.000106
2.380000 -0.000142
2.390000 -0.000291
2.400000 0.000206
2.410000 -0.000287
2.420000 0.000410
2.430000 0.000116
2.440000 -0.000077
2.450000 -0.000171
2.460000 -0.000165
2.470000 -0.000058
2.480000 0.000148
2.490000 -0.000091
2.500000 -0.000230
2.510000 0.000276
2.520000 -0.000208
2.530000 -0.000048
2.540000 -0.000332
2.550000 0.000029
2.560000 -0.000056
2.570000 -0.000040
2.580000 0.000075
2.590000 -0.000255
2.600000 0.000061
2.610000 0.000476
2.620000 -0.000099
2.630000 -0.000029
2.640000 0.000141
2.650000 -0.000135
2.660000 0.000235
2.670000 -0.000386
2.680000 0.000185
2.690000 -0.000236
2.700000 -0.000011
2.710000 -0.000232
2.720000 0.000193
2.730000 -0.000373
2.740000 0.000251
2.750000 -0.000115
2.760000 0.000164
2.770000 -0.000002
2.780000 -0.000068
2.790000 -0.000034
2.800000 0.000099
2.810000 -0.000212
2.820000 0.000122
2.830000 -0.000535
2.840000 -0.000002
2.850000 0.000087
2.860000 -0.000270
2.870000 0.000018
2.880000 -0.000139
2.890000 -0.000196
2.900000 -0.000153
2.910000 -0.000010
2.920000 -0.000313
2.930000 0.000031
2.940000 -0.000072
2.950000 -0.000074
2.960000 0.000024
2.970000 0.000221
2.980000 -0.000027
2.990000 -0.000175
3.000000 0.000323
3.010000 -0.000170
3.020000 -0.000018
3.030000 -0.000311
3.040000 0.000041
3.050000 -0.000598
3.060000 -0.000046
3.070000 0.000061
3.080000 -0.000278
3.090000 0.000029
3.100000 -0.000110
3.110000 -0.000149
3.120000 -0.000088
3.130000 0.000074
3.140000 -0.000210
3.150000 0.000151
3.160000 -0.000479
3.170000 0.000083
3.180000 -0.000347
3.190000 -0.000131
3.200000 0.000185
3.210000 0.000056
3.220000 0.000027
3.230000 0.000097
3.240000 -0.000278
3.250000 -0.000007
3.260000 -0.000182
3.270000 0.000288
3.280000 -0.000232
3.290000 -0.000107
3.300000 0.000118
3.310000 -0.000103
3.320000 0.000323
3.335000 -0.000488
3.345000 0.000187
3.355000 -0.000129
3.365000 0.000201
3.375000 0.000085
3.385000 0.000069
3.395000 0.000154
3.405000 -0.000208
3.415000 0.000076
3.425000 -0.000085
3.435000 -0.000146
3.445000 -0.000107
3.455000 0.000031
3.465000 0.000270
3.475000 -0.000482
3.485000 -0.000043
3.495000 -0.000050
3.505000 0.000044
3.515000 0.000237
3.525000 -0.000015
3.535000 -0.000167
3.545000 -0.000218
3.555000 0.000374
3.565000 -0.000568
3.575000 0.000225
3.585000 0.000029
3.595000 -0.000069
3.605000 -0.000066
3.615000 0.000036
3.625000 -0.000307
3.635000 -0.000004
3.645000 -0.000147
3.655000 -0.000190
3.665000 0.000412
3.675000 0.000024
3.685000 0.000281
3.695000 -0.000452
3.705000 0.000005
3.715000 0.000017
3.725000 0.000129
3.735000 -0.000206
3.745000 0.000106
3.755000 -0.000027
3.765000 -0.000061
3.775000 0.000005
3.785000 0.000171
3.795000 -0.000108
3.805000 0.000259
3.815000 0.000180
3.825000 -0.000345
3.835000 0.000322
3.845000 -0.000002
3.855000 -0.000227
3.865000 0.000194
3.875000 -0.000376
3.885000 0.000245
3.895000 -0.000124
3.905000 0.000150
3.915000 -0.000019
3.925000 -0.000089
3.935000 -0.000059
3.945000 0.000071
3.955000 -0.000245
3.965000 0.000086
3.975000 -0.000030
3.985000 -0.000045
3.995000 0.000040
4.005000 0.000225
4.015000 -0.000036
