0.005000 0.000000
0.015000 0.011454
0.025000 0.024544
0.035000 0.034361
0.045000 0.044724
0.055000 0.055632
0.065000 0.065995
0.075000 0.075813
0.085000 0.086176
0.095000 0.096539
0.105000 0.106901
0.115000 0.116719
0.125000 0.127082
0.135000 0.137445
0.145000 0.147262
0.155000 0.157080
0.165000 0.167443
0.175000 0.177260
0.185000 0.187077
0.195000 0.197440
0.205000 0.207258
0.215000 0.217075
0.225000 0.226893
0.235000 0.237256
0.245000 0.247073
0.255000 0.257436
0.265000 0.266708
0.275000 0.277071
0.285000 0.287434
0.295000 0.297251
0.305000 0.307069
0.315000 0.317432
0.325000 0.327249
0.345000 0.347430
0.355000 0.357247
0.365000 0.367610
0.375000 0.377427
0.385000 0.387245
0.395000 0.397062
0.405000 0.407425
0.415000 0.417788
0.425000 0.427606
0.435000 0.437969
0.445000 0.447786
0.455000 0.457604
0.465000 0.467966
0.475000 0.477784
0.485000 0.487601
0.495000 0.497964
0.505000 0.507782
0.515000 0.517599
0.525000 0.527962
0.535000 0.537780
0.545000 0.547597
0.555000 0.557960
0.565000 0.567777
0.575000 0.578140
0.585000 0.587958
0.595000 0.597775
0.605000 0.608138
0.615000 0.617956
0.625000 0.627773
0.635000 0.638136
0.645000 0.648499
0.655000 0.658316
0.665000 0.668134
0.675000 0.677951
0.685000 0.688860
0.695000 0.698132
0.705000 0.708495
0.715000 0.718312
0.725000 0.728675
0.735000 0.737947
0.745000 0.748855
0.755000 0.758127
0.765000 0.768490
0.775000 0.778308
0.785000 0.788125
0.795000 0.798488
0.805000 0.808306
0.815000 0.818668
0.825000 0.828486
0.835000 0.838849
0.845000 0.848666
0.855000 0.858484
0.865000 0.868301
0.875000 0.878664
0.885000 0.889027
0.895000 0.898845
0.915000 0.919025
0.925000 0.928842
0.935000 0.938660
0.945000 0.949023
0.955000 0.958840
0.965000 0.969203
0.975000 0.979021
0.985000 0.989384
0.995000 0.999201
1.005000 1.009018
1.015000 1.018836
1.025000 1.029199
1.035000 1.039016
1.045000 1.048834
1.055000 1.058651
1.065000 1.069014
1.075000 1.079377
1.085000 1.089195
1.095000 1.099012
1.105000 1.109375
1.115000 1.119192
1.125000 1.129010
1.135000 1.139373
1.145000 1.149190
1.155000 1.159553
1.165000 1.169371
1.175000 1.179188
1.185000 1.189551
1.195000 1.199368
1.205000 1.209731
1.215000 1.220094
1.225000 1.229912
1.235000 1.239729
1.245000 1.249547
1.255000 1.259910
1.265000 1.269727
1.275000 1.280090
1.285000 1.289907
1.295000 1.299725
1.305000 1.309542
1.315000 1.319905
1.325000 1.329723
1.335000 1.339540
1.345000 1.349903
1.355000 1.359721
1.370000 1.369538
1.380000 1.380446
1.390000 1.389718
1.400000 1.400081
1.410000 1.410444
1.420000 1.420262
1.430000 1.430079
1.440000 1.440442
1.450000 1.449714
1.460000 1.460077
1.470000 1.469895
1.480000 1.480257
1.490000 1.490075
1.500000 1.499892
1.510000 1.510255
1.520000 1.520073
1.530000 1.530436
1.540000 1.540253
1.550000 1.550616
1.560000 1.560433
1.570000 1.570251
1.580000 1.580068
1.590000 1.590431
1.600000 1.600249
1.610000 1.610612
1.620000 1.620429
1.630000 1.630247
1.640000 1.640610
1.650000 1.650427
1.660000 1.660790
1.670000 1.670607
1.680000 1.680970
1.690000 1.690788
1.700000 1.700605
1.710000 1.710968
1.720000 1.720786
1.730000 1.730603
1.740000 1.740966
1.750000 1.750783
1.760000 1.760601
1.770000 1.770964
1.780000 1.781327
1.790000 1.791144
1.800000 1.800962
1.810000 1.811324
1.820000 1.821142
1.830000 1.830959
1.840000 1.841322
1.850000 1.851140
1.860000 1.860957
1.870000 1.871320
1.880000 1.881138
1.890000 1.890955
1.900000 1.901318
1.910000 1.911136
1.920000 1.920953
1.930000 1.931316
1.940000 1.941133
1.950000 1.951496
1.960000 1.961314
1.970000 1.971131
1.980000 1.981494
1.990000 1.991857
2.000000 2.001674
2.010000 2.011492
2.020000 2.021855
2.030000 2.031672
2.040000 2.041490
2.050000 2.051853
2.060000 2.061670
2.070000 2.072033
2.080000 2.081305
2.090000 2.092213
2.100000 2.102031
2.110000 2.111848
2.120000 2.122211
2.130000 2.131483
2.140000 2.141846
2.150000 2.151664
2.160000 2.162027
2.170000 2.171844
2.180000 2.181662
2.190000 2.192024
2.200000 2.201842
2.210000 2.212205
2.220000 2.222022
2.230000 2.232385
2.240000 2.242203
2.250000 2.252020
2.260000 2.262383
2.270000 2.272201
2.280000 2.282018
2.290000 2.292381
2.300000 2.302198
2.310000 2.312561
2.320000 2.322379
2.330000 2.332196
2.340000 2.342559
2.350000 2.352922
2.360000 2.362740
2.370000 2.372557
2.380000 2.382920
2.390000 2.392737
2.400000 2.402555
2.410000 2.412372
2.420000 2.422735
2.430000 2.432553
2.440000 2.442370
2.450000 2.452188
2.460000 2.462550
2.470000 2.472913
2.480000 2.482731
2.490000 2.492548
2.500000 2.502911
2.510000 2.512729
2.520000 2.522546
2.530000 2.532909
2.540000 2.542727
2.550000 2.553089
2.560000 2.562907
2.570000 2.572724
2.580000 2.583087
2.590000 2.592905
2.600000 2.603268
2.610000 2.613085
2.620000 2.622903
2.630000 2.633265
2.640000 2.643628
2.650000 2.652900
2.660000 2.663263
2.670000 2.673081
2.680000 2.682898
2.690000 2.693261
2.700000 2.703079
2.710000 2.713442
2.720000 2.723259
2.730000 2.733622
2.740000 2.743439
2.750000 2.753257
2.760000 2.763620
2.770000 2.773437
2.780000 2.783255
2.790000 2.793618
2.800000 2.803435
2.810000 2.813253
2.820000 2.823616
2.830000 2.833978
2.840000 2.843796
2.850000 2.853613
2.860000 2.863431
2.870000 2.873794
2.880000 2.884157
2.890000 2.893974
2.900000 2.903791
2.910000 2.914155
2.920000 2.923972
2.930000 2.933789
2.940000 2.944152
2.950000 2.953970
2.960000 2.963787
2.970000 2.974150
2.980000 2.983968
2.990000 2.993785
3.000000 3.004148
3.010000 3.013965
3.020000 3.024328
3.030000 3.034146
3.040000 3.043963
3.050000 3.054326
3.060000 3.064144
3.070000 3.074507
3.080000 3.084324
3.090000 3.094141
3.100000 3.103959
3.110000 3.114322
3.120000 3.124685
3.130000 3.134502
3.140000 3.144320
3.150000 3.154137
3.160000 3.164500
3.170000 3.174318
3.180000 3.184680
3.190000 3.194498
3.200000 3.204315
3.210000 3.214678
3.220000 3.225041
3.230000 3.234859
3.240000 3.244676
3.250000 3.254494
3.260000 3.264311
3.270000 3.274674
3.280000 3.285037
3.290000 3.294854
3.300000 3.304672
3.310000 3.315035
3.320000 3.324852
3.330000 3.335215
3.340000 3.344487
3.350000 3.354850
3.360000 3.365213
3.375000 3.375031
3.385000 3.384848
3.395000 3.395211
3.405000 3.405028
3.415000 3.414846
3.425000 3.425209
3.435000 3.435571
3.445000 3.445389
3.455000 3.455206
3.465000 3.465024
3.475000 3.475387
3.485000 3.485204
3.495000 3.495022
3.505000 3.504839
3.515000 3.515202
3.525000 3.525020
3.535000 3.535383
3.545000 3.545745
3.555000 3.555563
3.565000 3.565380
3.575000 3.575743
3.585000 3.585015
3.595000 3.595378
3.605000 3.605741
3.615000 3.615559
3.625000 3.625376
3.635000 3.635739
3.645000 3.645556
3.655000 3.655374
3.665000 3.665737
3.675000 3.675554
3.685000 3.685372
3.695000 3.696280
3.705000 3.706098
3.715000 3.715915
3.725000 3.725733
3.735000 3.736095
3.745000 3.745913
3.755000 3.755730
3.765000 3.765548
3.775000 3.775911
3.785000 3.785728
3.795000 3.796091
3.805000 3.806454
3.815000 3.815726
3.825000 3.826089
3.835000 3.836452
3.845000 3.845724
3.855000 3.856087
3.865000 3.865904
3.875000 3.876267
3.885000 3.886085
3.895000 3.896448
3.905000 3.906265
3.915000 3.916083
3.925000 3.926445
3.935000 3.936263
3.945000 3.946080
3.955000 3.956443
3.965000 3.966261
3.975000 3.976078
3.985000 3.986441
3.995000 3.996804
4.005000 4.006621
4.015000 4.016984
