0.005000 0.005000
0.015000 0.005728
0.025000 0.002638
0.035000 0.002275
0.045000 0.001912
0.055000 0.001549
0.065000 0.000641
0.075000 0.000824
0.085000 0.000461
0.095000 0.000098
0.105000 0.000280
0.115000 -0.000083
0.125000 0.000100
0.135000 -0.000263
0.145000 -0.000080
0.155000 -0.000443
0.165000 -0.000261
0.175000 -0.000078
0.185000 -0.000441
0.195000 -0.000259
0.205000 -0.000076
0.215000 -0.000439
0.225000 0.000289
0.235000 -0.000074
0.245000 0.000108
0.255000 -0.000254
0.265000 0.000474
0.275000 0.000111
0.285000 -0.000252
0.295000 -0.000070
0.305000 0.000113
0.315000 -0.000250
0.325000 -0.000068
0.335000 0.000115
0.345000 -0.000248
0.355000 -0.000065
0.365000 0.000117
0.375000 -0.000246
0.385000 -0.000063
0.395000 0.000119
0.405000 0.000302
0.415000 -0.000061
0.425000 0.000121
0.435000 -0.000241
0.445000 -0.000059
0.455000 0.000124
0.465000 -0.000239
0.475000 -0.000057
0.485000 0.000126
0.495000 -0.000237
0.505000 -0.000055
0.515000 0.000128
0.525000 0.000310
0.535000 -0.000053
0.545000 0.000130
0.555000 0.000313
0.565000 -0.000050
0.575000 0.000132
0.585000 -0.000231
0.595000 -0.000048
0.605000 0.000134
0.615000 -0.000229
0.625000 -0.000046
0.635000 0.000136
0.645000 -0.000226
0.655000 -0.000044
0.665000 -0.000407
0.675000 0.000321
0.685000 -0.000042
0.695000 -0.000405
0.705000 0.000323
0.715000 -0.000040
0.725000 -0.000403
0.735000 0.000325
0.745000 -0.000037
0.755000 -0.000400
0.765000 0.000328
0.775000 -0.000035
0.785000 0.000147
0.795000 -0.000216
0.805000 0.000512
0.815000 0.000149
0.825000 -0.000214
0.835000 -0.000031
0.845000 0.000152
0.855000 -0.000211
0.865000 -0.000029
0.875000 0.000154
0.885000 -0.000209
0.895000 -0.000027
0.905000 0.000156
0.915000 -0.000207
0.925000 -0.000025
0.935000 0.000158
0.945000 -0.000205
0.955000 -0.000022
0.965000 -0.000385
0.975000 0.000343
0.985000 -0.000020
0.995000 -0.000383
1.005000 0.000345
1.015000 -0.000018
1.025000 0.000165
1.035000 -0.000198
1.045000 -0.000016
1.055000 0.000167
1.065000 0.000349
1.075000 -0.000014
1.085000 0.000169
1.095000 -0.000194
1.105000 -0.000012
1.115000 0.000171
1.125000 -0.000192
1.135000 -0.000009
1.145000 0.000173
1.155000 -0.000190
1.165000 -0.000007
1.175000 0.000175
1.185000 -0.000188
1.195000 -0.000005
1.205000 0.000177
1.215000 -0.000186
1.225000 -0.000003
1.235000 -0.000366
1.245000 0.000362
1.255000 -0.000546
1.265000 0.000182
1.275000 -0.000181
1.285000 0.000001
1.295000 -0.000362
1.305000 0.000366
1.315000 0.000003
1.330000 -0.000268
1.340000 -0.000086
1.350000 0.000097
1.360000 -0.000266
1.370000 0.000462
1.380000 -0.000446
1.390000 0.000282
1.400000 -0.000081
1.410000 0.000101
1.420000 -0.000262
1.430000 0.000466
1.440000 -0.000442
1.450000 0.000286
1.460000 -0.000077
1.470000 0.000105
1.480000 -0.000257
1.490000 -0.000075
1.500000 0.000108
1.510000 -0.000255
1.520000 -0.000073
1.530000 0.000110
1.540000 -0.000253
1.550000 -0.000071
1.560000 0.000112
1.570000 -0.000251
1.580000 -0.000068
1.590000 0.000114
1.600000 0.000297
1.610000 -0.000066
1.620000 0.000116
1.630000 0.000299
1.640000 -0.000064
1.650000 0.000118
1.660000 0.000301
1.670000 -0.000062
1.680000 0.000121
1.690000 -0.000242
1.700000 -0.000060
1.710000 0.000123
1.720000 -0.000240
1.730000 -0.000058
1.740000 0.000125
1.750000 -0.000238
1.760000 -0.000055
1.770000 0.000127
1.780000 -0.000236
1.790000 -0.000053
1.800000 0.000129
1.810000 -0.000234
1.820000 -0.000051
1.830000 0.000131
1.840000 -0.000232
1.850000 -0.000049
1.860000 0.000134
1.870000 -0.000229
1.880000 -0.000047
1.890000 0.000136
1.900000 -0.000227
1.910000 -0.000045
1.920000 0.000138
1.930000 -0.000225
1.940000 -0.000043
1.950000 0.000140
1.960000 -0.000223
1.970000 -0.000041
1.980000 0.000142
1.990000 -0.000221
2.000000 -0.000038
2.010000 0.000144
2.020000 -0.000219
2.030000 -0.000036
2.040000 0.000146
2.050000 -0.000216
2.060000 -0.000034
2.070000 -0.000397
2.080000 0.000331
2.090000 -0.000032
2.100000 -0.000395
2.110000 0.000333
2.120000 -0.000575
2.130000 0.000153
2.140000 -0.000210
2.150000 -0.000028
2.160000 0.000155
2.170000 -0.000208
2.180000 0.000520
2.190000 0.000157
2.200000 -0.000206
2.210000 -0.000023
2.220000 0.000160
2.230000 -0.000204
2.240000 -0.000021
2.250000 0.000161
2.260000 -0.000201
2.270000 -0.000019
2.280000 0.000164
2.290000 -0.000199
2.300000 -0.000017
2.310000 -0.000380
2.320000 -0.000197
2.330000 -0.000015
2.340000 0.000168
2.350000 -0.000195
2.360000 -0.000012
2.370000 0.000170
2.380000 -0.000193
2.390000 -0.000010
2.400000 0.000172
2.410000 -0.000191
2.420000 -0.000008
2.430000 0.000174
2.440000 -0.000188
2.450000 0.000540
2.460000 0.000177
2.470000 -0.000186
2.480000 -0.000004
2.490000 0.000179
2.500000 -0.000184
2.510000 -0.000002
2.520000 0.000181
2.530000 -0.000182
2.540000 0.000000
2.550000 0.000183
2.560000 -0.000180
2.570000 0.000003
2.580000 0.000185
2.590000 -0.000178
2.600000 0.000005
2.610000 -0.000358
2.620000 -0.000176
2.630000 0.000007
2.640000 -0.000356
2.650000 -0.000174
2.660000 0.000009
2.670000 -0.000354
2.680000 0.000374
2.690000 0.000011
2.700000 0.000194
2.710000 -0.000169
2.720000 0.000014
2.730000 0.000196
2.740000 -0.000167
2.750000 0.000015
2.760000 0.000198
2.770000 -0.000165
2.780000 0.000018
2.790000 0.000200
2.800000 -0.000163
2.810000 0.000020
2.820000 0.000202
2.830000 -0.000160
2.840000 0.000022
2.850000 -0.000341
2.860000 0.000387
2.870000 0.000024
2.880000 0.000207
2.890000 -0.000156
2.900000 0.000026
2.910000 0.000209
2.920000 -0.000154
2.930000 0.000028
2.940000 -0.000335
2.950000 0.000394
2.960000 0.000031
2.970000 0.000213
2.980000 -0.000150
2.990000 0.000033
3.000000 -0.000330
3.010000 0.000398
3.020000 0.000035
3.030000 -0.000328
3.040000 0.000400
3.050000 0.000037
3.060000 0.000220
3.070000 -0.000143
3.080000 0.000039
3.090000 0.000222
3.100000 -0.000141
3.110000 0.000041
3.120000 0.000224
3.130000 -0.000139
3.140000 0.000043
3.150000 0.000226
3.160000 -0.000137
3.170000 0.000046
3.180000 -0.000317
3.190000 -0.000135
3.200000 0.000048
3.210000 0.000231
3.220000 -0.000132
3.230000 0.000050
3.240000 0.000233
3.250000 -0.000130
3.260000 0.000052
3.270000 0.000235
3.280000 -0.000128
3.290000 0.000054
3.300000 0.000237
3.310000 -0.000126
3.320000 0.000057
3.335000 -0.000215
3.345000 -0.000033
3.355000 0.000150
3.365000 -0.000213
3.375000 -0.000031
3.385000 0.000152
3.395000 -0.000211
3.405000 -0.000028
3.415000 0.000154
3.425000 0.000337
3.435000 -0.000026
3.445000 -0.000389
3.455000 0.000339
3.465000 -0.000024
3.475000 0.000159
3.485000 -0.000205
3.495000 -0.000022
3.505000 0.000160
3.515000 -0.000202
3.525000 0.000526
3.535000 0.000163
3.545000 -0.000200
3.555000 -0.000018
3.565000 0.000165
3.575000 -0.000198
3.585000 -0.000015
3.595000 0.000167
3.605000 -0.000196
3.615000 -0.000013
3.625000 0.000169
3.635000 -0.000194
3.645000 -0.000011
3.655000 0.000171
3.665000 -0.000191
3.675000 -0.000009
3.685000 0.000174
3.695000 -0.000189
3.705000 -0.000007
3.715000 -0.000370
3.725000 0.000358
3.735000 -0.000550
3.745000 0.000178
3.755000 -0.000185
3.765000 0.000543
3.775000 -0.000365
3.785000 0.000362
3.795000 -0.000000
3.805000 -0.000363
3.815000 0.000365
3.825000 0.000002
3.835000 -0.000361
3.845000 0.000367
3.855000 0.000004
3.865000 0.000186
3.875000 -0.000176
3.885000 0.000006
3.895000 0.000189
3.905000 -0.000174
3.915000 0.000008
3.925000 0.000191
3.935000 -0.000172
3.945000 0.000010
3.955000 0.000193
3.965000 -0.000170
3.975000 0.000013
3.985000 0.000195
3.995000 -0.000168
4.005000 0.000015
4.015000 -0.000348
