0.005000 0.000000
0.015000 0.000000
0.025000 0.000000
0.035000 0.000000
0.045000 0.000000
0.055000 0.000000
0.065000 0.000000
0.075000 0.000000
0.085000 0.000000
0.095000 0.000000
0.105000 0.000000
0.115000 0.000000
0.125000 0.000000
0.135000 0.000000
0.145000 0.000000
0.155000 0.000000
0.165000 0.000000
0.175000 0.000000
0.185000 0.000000
0.195000 0.000000
0.205000 0.000000
0.215000 0.000000
0.225000 0.000000
0.235000 0.000000
0.245000 0.000000
0.255000 0.000000
0.265000 0.000000
0.275000 0.000000
0.295000 0.000000
0.305000 0.000000
0.315000 0.000545
0.325000 0.001091
0.335000 0.002182
0.345000 0.003818
0.355000 0.005454
0.365000 0.007636
0.375000 0.009817
0.385000 0.011999
0.395000 0.014726
0.405000 0.017453
0.415000 0.020180
0.425000 0.023453
0.435000 0.026725
0.445000 0.030543
0.455000 0.034907
0.465000 0.038724
0.475000 0.043633
0.485000 0.048542
0.495000 0.053451
0.505000 0.058905
0.515000 0.064359
0.525000 0.070904
0.535000 0.076904
0.545000 0.083449
0.555000 0.090539
0.565000 0.097629
0.575000 0.105265
0.585000 0.112901
0.595000 0.120537
0.605000 0.128718
0.615000 0.136899
0.625000 0.145080
0.635000 0.153807
0.645000 0.162534
0.655000 0.171806
0.665000 0.181078
0.675000 0.190350
0.685000 0.199622
0.695000 0.209440
0.705000 0.219802
0.715000 0.230165
0.725000 0.240528
0.735000 0.250891
0.745000 0.261254
0.755000 0.272162
0.765000 0.283071
0.775000 0.294524
0.785000 0.305978
0.795000 0.317432
0.805000 0.328885
0.815000 0.340339
0.825000 0.352338
0.835000 0.363792
0.845000 0.375791
0.865000 0.400335
0.875000 0.412334
0.885000 0.424333
0.895000 0.436332
0.905000 0.448331
0.915000 0.460876
0.925000 0.472875
0.935000 0.485420
0.945000 0.497419
0.955000 0.509418
0.965000 0.521963
0.975000 0.533962
0.985000 0.546506
0.995000 0.558505
1.005000 0.570504
1.015000 0.583049
1.025000 0.595048
1.035000 0.607047
1.045000 0.619046
1.055000 0.631046
1.065000 0.643045
1.075000 0.655044
1.085000 0.666498
1.095000 0.678497
1.105000 0.689950
1.115000 0.701404
1.125000 0.712313
1.135000 0.723766
1.145000 0.734675
1.155000 0.745583
1.165000 0.755946
1.175000 0.766309
1.185000 0.776672
1.195000 0.786489
1.205000 0.796306
1.215000 0.806124
1.225000 0.815941
1.235000 0.824668
1.245000 0.833940
1.255000 0.842667
1.265000 0.851393
1.275000 0.859029
1.285000 0.867210
1.295000 0.874846
1.305000 0.882482
1.315000 0.890118
1.325000 0.897208
1.335000 0.904299
1.345000 0.910844
1.355000 0.917389
1.370000 0.923934
1.380000 0.929933
1.390000 0.935933
1.400000 0.941387
1.410000 0.946296
1.420000 0.951204
1.430000 0.956113
1.440000 0.960477
1.450000 0.964294
1.460000 0.968112
1.470000 0.971385
1.480000 0.974112
1.490000 0.976839
1.500000 0.979021
1.510000 0.981202
1.520000 0.982293
1.530000 0.983384
1.540000 0.984475
1.550000 0.985020
1.560000 0.985020
1.570000 0.985020
1.580000 0.985020
1.590000 0.985020
1.600000 0.985020
1.610000 0.985020
1.620000 0.985020
1.630000 0.985020
1.640000 0.985020
1.650000 0.985020
1.660000 0.985020
1.670000 0.985020
1.680000 0.985020
1.690000 0.985020
1.700000 0.985020
1.710000 0.985020
1.720000 0.985020
1.730000 0.985020
1.740000 0.985020
1.750000 0.985020
1.760000 0.985020
1.770000 0.985020
1.780000 0.985020
1.790000 0.985020
1.800000 0.985020
1.810000 0.985020
1.820000 0.985020
1.830000 0.985020
1.840000 0.985020
1.850000 0.985020
1.860000 0.985020
1.870000 0.985020
1.880000 0.985020
1.890000 0.985020
1.900000 0.985020
1.910000 0.985020
1.920000 0.985020
1.930000 0.983929
1.940000 0.982839
1.950000 0.981202
1.960000 0.979566
1.970000 0.976839
1.980000 0.974112
1.990000 0.970839
2.000000 0.967021
2.010000 0.962658
2.020000 0.957749
2.030000 0.952841
2.040000 0.946841
2.050000 0.940296
2.060000 0.933751
2.070000 0.926115
2.080000 0.918480
2.090000 0.910298
2.100000 0.901572
2.110000 0.892300
2.120000 0.882482
2.130000 0.872119
2.140000 0.861756
2.150000 0.850848
2.160000 0.839940
2.170000 0.827941
2.180000 0.815941
2.190000 0.803397
2.200000 0.790307
2.210000 0.776672
2.220000 0.763036
2.230000 0.748855
2.240000 0.734129
2.250000 0.718857
2.260000 0.703040
2.270000 0.686678
2.280000 0.669770
2.290000 0.652862
2.300000 0.634863
2.310000 0.616865
2.320000 0.598321
2.330000 0.579777
2.340000 0.560687
2.350000 0.541052
2.360000 0.521417
2.370000 0.501782
2.380000 0.481602
2.390000 0.460876
2.400000 0.439605
2.410000 0.418334
2.420000 0.397062
2.430000 0.374700
2.440000 0.352338
2.450000 0.329976
2.460000 0.307069
2.470000 0.284161
2.480000 0.260709
2.490000 0.237256
2.500000 0.213803
2.510000 0.189805
2.520000 0.166352
2.530000 0.141808
2.540000 0.117810
2.550000 0.093266
2.560000 0.068722
2.570000 0.044179
2.580000 0.019090
2.590000 -0.005454
2.600000 -0.030543
2.610000 -0.055087
2.620000 -0.080176
2.630000 -0.104720
2.640000 -0.129809
2.650000 -0.154353
2.660000 -0.178896
2.670000 -0.203985
2.680000 -0.228529
2.690000 -0.253618
2.700000 -0.278707
2.710000 -0.303796
2.720000 -0.328340
2.730000 -0.353429
2.740000 -0.377973
2.750000 -0.403062
2.760000 -0.427606
2.770000 -0.452149
2.780000 -0.476693
2.790000 -0.501237
2.800000 -0.525235
2.810000 -0.549779
2.820000 -0.573232
2.830000 -0.597230
2.840000 -0.620683
2.850000 -0.644136
2.860000 -0.667043
2.870000 -0.689405
2.880000 -0.712313
2.890000 -0.734129
2.900000 -0.755946
2.910000 -0.777762
2.920000 -0.799579
2.930000 -0.820305
2.940000 -0.841576
2.950000 -0.862302
2.960000 -0.882482
2.970000 -0.902662
2.980000 -0.922843
2.990000 -0.942478
3.000000 -0.961567
3.010000 -0.980657
3.020000 -0.998656
3.030000 -1.017200
3.040000 -1.034653
3.050000 -1.052106
3.060000 -1.069014
3.070000 -1.085922
3.080000 -1.102285
3.090000 -1.118647
3.100000 -1.134464
3.110000 -1.149736
3.120000 -1.164462
3.130000 -1.179188
3.140000 -1.193369
3.150000 -1.207004
3.160000 -1.220640
3.170000 -1.233184
3.180000 -1.245729
3.190000 -1.257728
3.200000 -1.269182
3.210000 -1.280090
3.220000 -1.289907
3.230000 -1.299725
3.240000 -1.308997
3.250000 -1.318269
3.260000 -1.326450
3.270000 -1.334086
3.280000 -1.341176
3.290000 -1.347721
3.300000 -1.353721
3.310000 -1.359721
3.320000 -1.365175
3.330000 -1.369538
3.340000 -1.373901
3.350000 -1.377719
3.360000 -1.380992
3.375000 -1.383719
3.385000 -1.385900
3.395000 -1.387537
3.405000 -1.388082
3.415000 -1.388628
3.425000 -1.388628
3.435000 -1.388628
3.445000 -1.388628
3.455000 -1.388628
3.465000 -1.388628
3.475000 -1.388628
3.485000 -1.388628
3.495000 -1.388628
3.505000 -1.388628
3.515000 -1.388628
3.525000 -1.388628
3.535000 -1.388628
3.545000 -1.388628
3.555000 -1.388628
3.565000 -1.388628
3.575000 -1.388628
3.585000 -1.388628
3.595000 -1.388628
3.605000 -1.388628
3.615000 -1.388628
3.625000 -1.388628
3.635000 -1.388628
3.645000 -1.388628
3.655000 -1.388628
3.665000 -1.388628
3.675000 -1.388628
3.685000 -1.388628
3.695000 -1.388082
3.705000 -1.386991
3.715000 -1.385355
3.725000 -1.383173
3.735000 -1.380446
3.745000 -1.377174
3.755000 -1.373356
3.765000 -1.368993
3.775000 -1.364084
3.785000 -1.358084
3.795000 -1.352085
3.805000 -1.345540
3.815000 -1.338449
3.825000 -1.330814
3.835000 -1.322632
3.845000 -1.313906
3.855000 -1.304088
3.865000 -1.294271
3.875000 -1.283362
3.885000 -1.271909
3.895000 -1.259910
3.905000 -1.247365
3.915000 -1.234275
3.925000 -1.220640
3.935000 -1.205913
3.945000 -1.191187
3.955000 -1.175370
3.965000 -1.159553
3.975000 -1.142645
3.985000 -1.125737
3.995000 -1.107739
4.005000 -1.089740
4.015000 -1.070650
4.025000 -1.051561
4.035000 -1.031926
4.045000 -1.011746
4.055000 -0.991020
4.065000 -0.969749
4.075000 -0.947932
4.085000 -0.926115
4.095000 -0.903753
4.105000 -0.880846
4.115000 -0.857393
4.125000 -0.833940
4.135000 -0.809942
4.145000 -0.785398
4.155000 -0.760309
4.165000 -0.735220
4.175000 -0.709585
4.185000 -0.683951
4.195000 -0.657771
4.205000 -0.631046
4.215000 -0.604320
4.225000 -0.577595
4.235000 -0.550324
4.245000 -0.522508
4.255000 -0.494692
4.265000 -0.466330
4.275000 -0.438514
4.285000 -0.409607
4.295000 -0.381245
4.305000 -0.352338
4.315000 -0.322886
4.325000 -0.293979
4.335000 -0.264526
4.345000 -0.235074
4.355000 -0.205622
4.365000 -0.176169
4.375000 -0.146171
4.385000 -0.116719
4.395000 -0.086721
4.405000 -0.057269
4.415000 -0.027271
4.425000 0.002727
4.435000 0.032725
4.445000 0.062723
4.455000 0.092721
4.465000 0.122718
4.475000 0.152716
4.485000 0.182714
4.495000 0.212712
4.505000 0.242164
4.515000 0.272162
4.525000 0.301615
4.535000 0.331067
4.545000 0.360520
4.555000 0.389972
4.565000 0.418879
4.575000 0.448331
4.585000 0.477238
4.595000 0.505600
4.605000 0.533962
4.615000 0.562323
4.625000 0.590139
4.635000 0.617956
4.645000 0.645772
4.655000 0.673043
4.665000 0.700313
4.675000 0.727039
4.685000 0.753219
4.695000 0.779399
4.705000 0.805579
4.715000 0.830668
4.725000 0.855757
4.735000 0.880846
4.745000 0.905390
4.755000 0.929933
4.765000 0.953932
4.775000 0.977384
4.785000 1.000837
4.795000 1.023745
4.805000 1.046107
4.815000 1.068469
4.825000 1.089740
4.835000 1.111011
4.845000 1.131737
4.855000 1.151917
4.865000 1.171552
4.875000 1.191187
4.885000 1.209731
4.895000 1.228275
4.905000 1.246274
4.915000 1.263727
4.925000 1.280635
4.935000 1.296998
4.945000 1.312815
4.955000 1.328632
4.965000 1.343358
4.975000 1.358084
4.985000 1.371720
4.995000 1.385355
5.005000 1.397900
5.015000 1.409899
5.025000 1.421353
5.035000 1.432806
5.045000 1.443169
5.055000 1.452987
5.065000 1.462259
5.075000 1.470985
5.085000 1.479167
5.095000 1.486257
5.105000 1.493347
5.115000 1.499892
5.125000 1.505347
5.135000 1.510801
5.145000 1.515164
5.155000 1.518982
5.165000 1.522254
5.175000 1.524981
5.185000 1.527163
5.195000 1.528254
5.205000 1.528799
5.215000 1.528799
5.225000 1.528799
5.235000 1.528799
5.245000 1.528799
5.255000 1.528799
5.265000 1.528799
5.275000 1.528799
5.285000 1.528799
5.295000 1.528799
5.305000 1.528799
5.315000 1.528799
5.325000 1.528799
5.335000 1.528799
5.345000 1.528799
5.355000 1.528799
5.365000 1.528799
5.380000 1.528799
5.390000 1.528799
5.400000 1.528799
5.410000 1.528799
5.430000 1.528799
5.440000 1.528799
5.450000 1.528799
5.460000 1.528799
5.470000 1.528254
5.480000 1.527709
5.490000 1.526072
5.500000 1.524436
5.510000 1.522254
5.520000 1.518982
5.530000 1.515709
5.540000 1.511346
5.550000 1.506437
5.570000 1.494438
5.580000 1.487893
5.590000 1.480257
5.600000 1.472076
5.610000 1.463349
5.620000 1.454077
5.630000 1.443714
5.640000 1.433352
5.650000 1.422443
5.660000 1.410444
5.670000 1.398445
5.680000 1.385355
5.690000 1.372265
5.700000 1.358630
5.710000 1.343904
5.720000 1.328632
5.730000 1.312815
5.740000 1.296452
5.750000 1.278999
5.760000 1.261546
5.770000 1.243002
5.780000 1.224458
5.790000 1.204823
5.800000 1.184642
5.810000 1.163916
5.820000 1.142645
5.830000 1.121374
5.840000 1.099557
5.850000 1.076650
5.860000 1.053743
5.870000 1.030835
5.880000 1.006837
5.890000 0.982839
5.900000 0.957749
5.910000 0.932660
5.920000 0.907026
5.930000 0.881391
5.940000 0.854666
5.950000 0.827941
5.960000 0.800670
5.970000 0.773399
5.980000 0.745583
6.000000 0.689405
6.010000 0.660498
6.020000 0.631591
6.030000 0.602139
6.040000 0.572686
6.050000 0.543234
6.060000 0.513236
6.070000 0.483238
6.080000 0.452695
6.090000 0.422152
6.100000 0.391608
6.110000 0.360520
6.120000 0.329431
6.150000 0.235619
6.160000 0.203985
6.170000 0.172351
6.180000 0.141263
6.190000 0.109628
6.200000 0.077994
6.210000 0.046360
6.220000 0.014181
6.230000 -0.017453
6.240000 -0.049087
6.250000 -0.080721
6.260000 -0.112356
6.270000 -0.143990
6.280000 -0.175078
6.290000 -0.206712
6.300000 -0.237801
6.310000 -0.268890
6.320000 -0.300524
6.330000 -0.331613
6.340000 -0.362156
6.350000 -0.393245
6.360000 -0.423788
6.370000 -0.454331
6.380000 -0.484874
6.390000 -0.514872
6.400000 -0.544870
6.410000 -0.574868
6.420000 -0.604320
6.430000 -0.633227
6.440000 -0.662134
6.450000 -0.690496
6.460000 -0.718857
6.470000 -0.746674
6.480000 -0.773944
6.490000 -0.801215
6.500000 -0.828486
6.510000 -0.855211
6.520000 -0.881391
6.530000 -0.907026
6.540000 -0.932660
6.550000 -0.957749
6.560000 -0.982839
6.570000 -1.006837
6.580000 -1.030835
6.590000 -1.054833
6.600000 -1.077741
6.610000 -1.100648
6.620000 -1.123010
6.630000 -1.145372
6.640000 -1.166644
6.650000 -1.187915
6.660000 -1.208640
6.670000 -1.228821
6.680000 -1.248456
6.690000 -1.267545
6.710000 -1.304634
6.720000 -1.322087
6.730000 -1.338995
6.740000 -1.355903
6.750000 -1.371720
6.760000 -1.386991
6.770000 -1.401718
6.780000 -1.416444
6.790000 -1.430079
6.800000 -1.442624
6.810000 -1.455168
6.820000 -1.467167
6.830000 -1.478076
6.840000 -1.488439
6.850000 -1.498256
6.860000 -1.508074
6.870000 -1.516800
6.880000 -1.524981
6.890000 -1.532072
6.900000 -1.539162
6.910000 -1.545707
6.920000 -1.551161
6.930000 -1.556070
6.940000 -1.560433
6.950000 -1.564251
6.960000 -1.566978
6.970000 -1.569705
6.980000 -1.571342
6.990000 -1.572978
7.000000 -1.573523
7.010000 -1.573523
7.020000 -1.573523
7.030000 -1.573523
7.040000 -1.573523
7.050000 -1.573523
7.060000 -1.573523
7.070000 -1.573523
7.080000 -1.573523
7.090000 -1.573523
7.100000 -1.573523
7.110000 -1.573523
7.120000 -1.573523
7.130000 -1.573523
7.140000 -1.573523
7.150000 -1.573523
7.160000 -1.573523
7.170000 -1.573523
7.180000 -1.573523
7.190000 -1.573523
7.200000 -1.573523
7.210000 -1.573523
7.220000 -1.573523
7.230000 -1.573523
7.240000 -1.573523
7.250000 -1.572978
7.260000 -1.571887
7.280000 -1.568069
7.290000 -1.565342
7.300000 -1.562070
7.310000 -1.558252
7.320000 -1.553888
7.330000 -1.548980
7.340000 -1.543526
7.350000 -1.537526
7.360000 -1.530436
7.370000 -1.522800
7.385000 -1.514619
7.395000 -1.505347
7.405000 -1.496074
7.415000 -1.485166
7.425000 -1.474258
7.435000 -1.462804
7.445000 -1.450260
7.455000 -1.437170
7.465000 -1.423534
7.475000 -1.409353
7.485000 -1.394082
7.495000 -1.378810
7.505000 -1.362448
7.515000 -1.345540
7.525000 -1.328086
7.535000 -1.310088
7.545000 -1.292089
7.555000 -1.273000
7.565000 -1.253365
7.575000 -1.233184
7.585000 -1.212458
7.595000 -1.191733
7.605000 -1.169916
7.615000 -1.147554
7.625000 -1.125192
7.635000 -1.101739
7.645000 -1.078286
7.655000 -1.053743
7.665000 -1.029199
7.675000 -1.004110
7.685000 -0.979021
7.695000 -0.952841
7.705000 -0.926661
7.715000 -0.900481
7.725000 -0.873210
7.735000 -0.845939
7.745000 -0.818123
7.755000 -0.790307
7.765000 -0.761945
7.775000 -0.733038
7.785000 -0.704131
7.795000 -0.674679
7.805000 -0.645226
7.815000 -0.615774
7.825000 -0.585776
7.835000 -0.555778
7.845000 -0.525235
7.855000 -0.494692
7.865000 -0.463603
7.875000 -0.432514
7.885000 -0.401426
7.895000 -0.369792
7.905000 -0.338158
7.915000 -0.306523
7.925000 -0.274889
7.935000 -0.242710
7.945000 -0.210530
7.955000 -0.178896
7.965000 -0.146717
7.975000 -0.114537
7.985000 -0.082358
7.995000 -0.050178
8.005000 -0.017999
8.014999 0.014181
8.025000 0.046360
8.035000 0.078540
8.045000 0.110719
8.054999 0.142899
8.065000 0.175078
8.075000 0.206712
8.085000 0.238892
8.095000 0.270526
8.105000 0.302160
8.115000 0.333249
8.125000 0.364883
8.135000 0.395972
8.145000 0.427060
8.155000 0.457604
8.165000 0.488147
8.175000 0.518690
8.184999 0.548688
8.195000 0.578686
8.205000 0.608138
8.215000 0.637591
8.224999 0.667043
8.235000 0.695405
8.245000 0.724312
8.255000 0.752673
8.264999 0.780489
8.275000 0.807760
8.285000 0.835576
8.295000 0.862302
8.304999 0.889027
8.315000 0.915207
8.325000 0.941387
8.335000 0.967021
8.345000 0.992111
8.355000 1.017200
8.365000 1.041743
8.375000 1.065742
8.385000 1.089195
8.395000 1.112102
8.405000 1.134464
8.415000 1.156281
8.425000 1.178097
8.434999 1.199368
8.445000 1.219549
8.455000 1.239729
8.465000 1.259364
8.474999 1.278454
8.485000 1.296998
8.495000 1.314996
8.505000 1.332450
8.514999 1.349358
8.525000 1.365720
8.535000 1.381537
8.545000 1.396809
8.554999 1.411535
8.565000 1.425170
8.575000 1.438806
8.585000 1.451350
8.595000 1.463349
8.605000 1.475349
8.615000 1.486257
8.625000 1.496620
8.635000 1.506437
8.645000 1.515164
8.655000 1.523891
8.665000 1.532072
8.675000 1.539708
8.684999 1.546253
8.695000 1.552798
8.705000 1.558252
8.715000 1.563161
8.724999 1.567524
8.735000 1.571342
8.745000 1.574069
8.755000 1.576796
8.764999 1.578432
8.775000 1.578978
8.785000 1.579523
8.795000 1.579523
8.804999 1.579523
8.815000 1.579523
8.825000 1.579523
8.835000 1.579523
8.845000 1.579523
8.855000 1.579523
8.865000 1.579523
8.875000 1.579523
8.885000 1.579523
8.895000 1.579523
8.905000 1.579523
8.915000 1.579523
8.925000 1.579523
8.934999 1.579523
8.945000 1.579523
8.955000 1.579523
8.965000 1.579523
8.974999 1.579523
8.985000 1.579523
8.995000 1.579523
9.005000 1.579523
9.014999 1.579523
9.025000 1.579523
9.035000 1.578978
9.045000 1.577887
9.054999 1.576250
9.065000 1.574069
9.075000 1.570796
9.085000 1.567524
9.095000 1.563161
9.105000 1.558252
9.115000 1.552798
9.125000 1.546253
9.135000 1.539162
9.145000 1.532072
9.155000 1.523891
9.165000 1.515164
9.175000 1.505347
9.184999 1.495529
9.195000 1.484621
9.205000 1.472622
9.215000 1.460622
9.224999 1.447532
9.235000 1.433897
9.245000 1.419716
9.255000 1.404990
9.264999 1.389718
9.275000 1.374447
9.285000 1.358084
9.295000 1.341722
9.304999 1.324269
9.315000 1.306270
9.325000 1.287726
9.335000 1.268636
9.345000 1.248456
9.355000 1.228275
9.365000 1.207004
9.375000 1.185188
9.389999 1.163371
9.400000 1.139918
9.410000 1.117011
9.420000 1.093558
9.429999 1.069560
9.440000 1.045016
9.450000 1.020472
9.460000 0.995383
9.469999 0.969749
9.480000 0.943569
9.490000 0.916843
9.500000 0.889573
9.510000 0.862302
9.520000 0.834486
9.530000 0.806669
9.540000 0.777762
9.550000 0.749401
9.559999 0.720494
9.570000 0.691587
9.580000 0.662134
9.590000 0.632136
9.599999 0.602684
9.610000 0.572141
9.620000 0.542143
9.630000 0.511054
9.639999 0.480511
9.650000 0.449422
9.660000 0.418334
9.670000 0.386699
9.679999 0.355611
9.690000 0.323977
9.700000 0.291797
9.710000 0.260163
9.719999 0.228529
9.730000 0.196350
9.740000 0.164715
9.750000 0.132536
9.760000 0.100902
9.770000 0.068722
9.780000 0.036543
9.790000 0.004909
9.800000 -0.027271
9.809999 -0.059450
9.820000 -0.091630
9.830000 -0.123809
9.840000 -0.155443
9.849999 -0.187623
9.860000 -0.219257
9.870000 -0.250891
9.880000 -0.283071
9.889999 -0.314159
9.900000 -0.345793
9.910000 -0.376882
9.920000 -0.407971
9.929999 -0.439059
9.940000 -0.469603
9.950000 -0.500146
9.960000 -0.530689
9.969999 -0.560687
9.980000 -0.590685
9.990000 -0.620137
10.000000 -0.649590
10.010000 -0.678497
10.020000 -0.707404
10.030000 -0.735765
10.040000 -0.764127
10.050000 -0.791943
10.059999 -0.819214
10.070000 -0.846485
10.080000 -0.873755
10.090000 -0.899935
10.099999 -0.926115
10.110000 -0.951750
10.120000 -0.977384
10.130000 -1.002473
10.139999 -1.026472
10.150000 -1.050470
10.160000 -1.073923
10.170000 -1.096830
10.179999 -1.119738
10.190000 -1.141554
10.200000 -1.163371
10.210000 -1.184097
10.219999 -1.204823
10.230000 -1.225003
10.240000 -1.245183
10.250000 -1.264273
10.260000 -1.282817
10.270000 -1.301361
10.280000 -1.318814
10.290000 -1.336268
10.300000 -1.352630
10.309999 -1.368993
10.320000 -1.384810
10.330000 -1.399536
10.340000 -1.414262
10.349999 -1.428443
10.360000 -1.441533
10.370000 -1.454623
10.380000 -1.466622
10.389999 -1.478076
10.400000 -1.488984
10.410000 -1.499347
10.420000 -1.509164
10.429999 -1.518436
10.440000 -1.526618
10.450000 -1.534799
10.460000 -1.541889
10.469999 -1.548434
10.480000 -1.553888
10.490000 -1.559343
10.500000 -1.563706
10.510000 -1.567524
10.520000 -1.570796
10.530000 -1.573523
10.540000 -1.575705
10.550000 -1.576796
10.559999 -1.577341
10.570000 -1.577887
10.580000 -1.577887
10.590000 -1.577887
10.599999 -1.577887
10.610000 -1.577887
10.620000 -1.577887
10.630000 -1.577887
10.639999 -1.577887
10.650000 -1.577887
10.660000 -1.577887
10.670000 -1.577887
10.679999 -1.577887
10.690000 -1.577887
10.700000 -1.577887
10.710000 -1.577887
10.719999 -1.577887
10.730000 -1.577887
10.740000 -1.577887
10.750000 -1.577887
10.760000 -1.577887
10.770000 -1.577887
10.780000 -1.577887
10.790000 -1.577887
10.800000 -1.577887
10.809999 -1.576796
10.820000 -1.575705
10.830000 -1.574069
10.840000 -1.571342
10.849999 -1.568615
10.860000 -1.564797
10.870000 -1.560979
10.880000 -1.556615
10.889999 -1.551161
10.900000 -1.545707
10.910000 -1.539162
10.920000 -1.532072
10.929999 -1.524436
10.940000 -1.516255
10.950000 -1.506983
10.960000 -1.497165
10.969999 -1.486802
10.980000 -1.475349
10.990000 -1.463349
11.000000 -1.450805
11.010000 -1.437715
11.020000 -1.424080
11.030000 -1.409353
11.040000 -1.394082
11.050000 -1.378265
11.059999 -1.361902
11.070000 -1.344994
11.080000 -1.327541
11.090000 -1.309542
11.099999 -1.290998
11.110000 -1.271909
11.120000 -1.252274
11.130000 -1.232639
11.139999 -1.211913
11.150000 -1.190642
11.160000 -1.168825
11.170000 -1.147009
11.179999 -1.124101
11.190000 -1.100648
11.200000 -1.077195
11.210000 -1.052652
11.219999 -1.028108
11.230000 -1.003019
11.240000 -0.977384
11.250000 -0.951750
11.259999 -0.925025
11.270000 -0.898299
11.280000 -0.871574
11.290000 -0.843758
11.300000 -0.815941
11.309999 -0.788125
11.320000 -0.759764
11.330000 -0.730857
11.340000 -0.701950
11.349999 -0.672497
11.360000 -0.643045
11.370000 -0.613047
11.380000 -0.583049
11.395000 -0.552506
11.405000 -0.521963
11.415000 -0.490874
11.425000 -0.460331
11.434999 -0.429242
11.445000 -0.397608
11.455000 -0.366519
11.465000 -0.334885
11.474999 -0.303251
11.485000 -0.271617
11.495000 -0.239437
11.505000 -0.207258
11.514999 -0.175078
11.525000 -0.143444
11.535000 -0.111265
11.545000 -0.079085
11.554999 -0.046906
11.565000 -0.014726
11.575000 0.017453
11.585000 0.049087
11.594999 0.081267
11.605000 0.113446
11.615000 0.145626
11.625000 0.177260
11.634999 0.208894
11.645000 0.240528
11.655000 0.272162
11.665000 0.303796
11.675000 0.335430
11.684999 0.367065
11.695000 0.398153
11.705000 0.429242
11.715000 0.459785
11.724999 0.490328
11.735000 0.520872
11.745000 0.550870
11.755000 0.580322
11.764999 0.610320
11.775000 0.639772
11.785000 0.668679
11.795000 0.697586
11.804999 0.725948
11.815000 0.754309
11.825000 0.782126
11.835000 0.809396
11.844999 0.836667
11.855000 0.863938
11.865000 0.890663
11.875000 0.916843
11.884999 0.942478
11.895000 0.968112
11.905000 0.993201
11.915000 1.018291
11.925000 1.042289
11.934999 1.066287
11.945000 1.089740
11.955000 1.112647
11.965000 1.135009
11.985000 1.178097
11.995000 1.199368
12.005000 1.219549
12.014999 1.239729
12.025000 1.258819
12.035000 1.277908
12.045000 1.296452
12.054999 1.314451
12.065000 1.331359
12.075000 1.348267
12.085000 1.364629
12.094999 1.379901
12.105000 1.395173
12.115000 1.409353
12.125000 1.422989
12.134999 1.436079
12.145000 1.448623
12.155000 1.460622
12.165000 1.472076
12.175000 1.482984
12.184999 1.493347
12.195000 1.502619
12.205000 1.511891
12.215000 1.520618
12.224999 1.528254
12.235000 1.535890
12.245000 1.542435
12.255000 1.548434
12.275000 1.558797
12.285000 1.562615
12.295000 1.566433
12.304999 1.569160
12.315000 1.571342
12.325000 1.572978
12.335000 1.573523
12.344999 1.573523
12.355000 1.573523
12.365000 1.573523
12.375000 1.573523
12.384999 1.573523
12.395000 1.573523
12.415000 1.573523
12.425000 1.573523
12.434999 1.573523
12.445000 1.573523
12.455000 1.573523
12.465000 1.573523
12.474999 1.573523
12.485000 1.573523
12.495000 1.573523
12.505000 1.573523
12.514999 1.573523
12.525000 1.573523
12.535000 1.573523
12.554999 1.573523
12.565000 1.573523
12.575000 1.573523
12.585000 1.572978
12.594999 1.571887
12.605000 1.570251
12.615000 1.568069
12.625000 1.564797
12.634999 1.561524
12.645000 1.557706
12.655000 1.553343
12.665000 1.547889
12.675000 1.541889
12.684999 1.535344
12.695000 1.528254
12.705000 1.520618
12.715000 1.512437
12.724999 1.503165
12.735000 1.493347
12.745000 1.482984
12.755000 1.472076
12.764999 1.460077
12.775000 1.447532
12.785000 1.434443
12.795000 1.420807
12.804999 1.406081
12.815000 1.391355
12.825000 1.376083
12.835000 1.360266
12.844999 1.343904
12.855000 1.326996
12.865000 1.309542
12.875000 1.291544
12.884999 1.272454
12.895000 1.252819
12.905000 1.232639
12.915000 1.211913
12.924999 1.190642
12.934999 1.168825
12.945000 1.146463
12.955000 1.123556
12.965000 1.100648
12.974999 1.077195
12.985000 1.053197
12.995000 1.028653
13.005000 1.004110
13.014999 0.978475
13.025000 0.952841
13.035000 0.926661
13.045000 0.899935
13.054999 0.873210
13.065000 0.845939
13.075000 0.818123
13.085000 0.790307
13.094999 0.761945
13.105000 0.733584
13.125000 0.675770
13.134999 0.646317
13.145000 0.616865
13.155000 0.586867
13.165000 0.556324
13.174999 0.526326
13.184999 0.495237
13.195000 0.464694
13.205000 0.433605
13.215000 0.402517
13.224999 0.370882
13.235000 0.339248
13.245000 0.307614
13.264999 0.244346
13.275000 0.212712
13.285000 0.181078
13.295000 0.149444
13.304999 0.117264
13.315000 0.085630
13.325000 0.053996
13.335000 0.021817
13.344999 -0.009817
13.355000 -0.041997
13.365000 -0.074176
13.375000 -0.105811
13.384999 -0.137990
13.400000 -0.169624
13.410000 -0.201804
13.420000 -0.233438
13.429999 -0.265072
13.440000 -0.296161
13.450000 -0.327795
13.460000 -0.358883
13.469999 -0.389427
13.480000 -0.420515
13.490000 -0.451059
13.500000 -0.481602
13.509999 -0.512145
13.520000 -0.542143
13.530000 -0.572141
13.540000 -0.602139
13.549999 -0.631046
13.559999 -0.660498
13.570000 -0.689405
13.580000 -0.717767
13.590000 -0.746128
13.599999 -0.773944
13.610000 -0.801215
13.620000 -0.828486
13.630000 -0.855757
13.639999 -0.881937
13.650000 -0.908117
13.660000 -0.934297
13.670000 -0.959931
13.679999 -0.985020
13.700000 -1.033562
13.710000 -1.057015
13.719999 -1.079922
13.730000 -1.102830
13.740000 -1.125192
13.750000 -1.147009
13.759999 -1.168280
13.770000 -1.189005
13.780000 -1.209186
13.790000 -1.229366
13.799999 -1.248456
13.809999 -1.267545
13.820000 -1.286090
13.830000 -1.303543
13.840000 -1.320996
13.849999 -1.337904
13.860000 -1.354266
13.870000 -1.370083
13.880000 -1.384810
13.889999 -1.399536
13.900000 -1.413717
13.910000 -1.427352
13.920000 -1.440442
13.929999 -1.452441
13.940000 -1.464440
13.950000 -1.475349
13.960000 -1.486257
13.969999 -1.496074
13.980000 -1.505347
13.990000 -1.514073
14.000000 -1.522254
14.009999 -1.529345
14.020000 -1.536435
14.030000 -1.542435
14.040000 -1.547889
14.049999 -1.552798
14.059999 -1.556615
14.070000 -1.560433
14.080000 -1.563161
14.090000 -1.565342
14.099999 -1.566433
14.110000 -1.567524
14.120000 -1.567524
14.130000 -1.567524
14.139999 -1.567524
14.150000 -1.567524
14.160000 -1.567524
14.170000 -1.567524
14.179999 -1.567524
14.190000 -1.567524
14.200000 -1.567524
14.210000 -1.567524
14.219999 -1.567524
14.230000 -1.567524
14.240000 -1.567524
14.250000 -1.567524
14.259999 -1.567524
14.270000 -1.567524
14.280000 -1.567524
14.290000 -1.567524
14.299999 -1.567524
14.309999 -1.567524
14.320000 -1.567524
14.330000 -1.567524
14.340000 -1.567524
14.349999 -1.567524
14.360000 -1.566978
14.370000 -1.566433
14.380000 -1.564797
14.389999 -1.563161
14.400000 -1.560979
14.410000 -1.558252
14.420000 -1.554434
14.429999 -1.550071
14.440000 -1.545162
14.450000 -1.539708
14.460000 -1.533708
14.469999 -1.526618
14.480000 -1.518982
14.490000 -1.511346
14.500000 -1.502074
14.509999 -1.492802
14.520000 -1.482439
14.530000 -1.471531
14.540000 -1.460077
14.549999 -1.448078
14.559999 -1.434988
14.570000 -1.421898
14.580000 -1.407717
14.589999 -1.392991
14.599999 -1.377719
14.610000 -1.361902
14.620000 -1.344994
14.630000 -1.327541
14.639999 -1.310088
14.650000 -1.291544
14.660000 -1.272454
14.670000 -1.252819
14.679999 -1.233184
14.690000 -1.212458
14.700000 -1.191733
14.710000 -1.169916
14.719999 -1.148099
14.730000 -1.125192
14.740000 -1.102285
14.750000 -1.078832
14.759999 -1.054833
14.770000 -1.030290
14.780000 -1.005201
14.790000 -0.980111
14.799999 -0.954477
14.809999 -0.928297
14.820000 -0.902117
14.830000 -0.875392
14.839999 -0.848121
14.849999 -0.820305
14.860000 -0.792489
14.870000 -0.764127
14.880000 -0.735765
14.889999 -0.706858
14.900000 -0.677951
14.910000 -0.648499
14.920000 -0.619046
14.929999 -0.589049
14.940000 -0.559051
14.950000 -0.528508
14.960000 -0.497964
14.969999 -0.467421
14.980000 -0.436332
14.990000 -0.405244
15.000000 -0.374155
15.009999 -0.342521
15.020000 -0.310887
15.030000 -0.279253
15.040000 -0.247073
15.049999 -0.215439
15.059999 -0.183260
15.070000 -0.151625
15.080000 -0.119446
15.089999 -0.087266
15.099999 -0.055632
15.110000 -0.023453
15.120000 0.008727
15.130000 0.040361
15.139999 0.072540
15.150000 0.104720
15.160000 0.136354
15.170000 0.167988
15.179999 0.199622
15.190000 0.231256
15.200000 0.262345
15.210000 0.293979
15.219999 0.325068
15.230000 0.356156
15.240000 0.386699
15.250000 0.417788
15.259999 0.448331
15.270000 0.478329
15.280000 0.508327
15.290000 0.538325
15.299999 0.567777
15.309999 0.597230
15.320000 0.626682
15.330000 0.655589
15.339999 0.684496
15.349999 0.712858
15.360000 0.741220
15.370000 0.769581
15.380000 0.796852
15.389999 0.824123
15.405000 0.851393
15.415000 0.878119
15.424999 0.904844
15.434999 0.930479
15.445000 0.956113
15.455000 0.981202
15.464999 1.005746
15.474999 1.030290
15.485000 1.053743
15.495000 1.077195
15.505000 1.100103
15.514999 1.122465
15.525000 1.144282
15.535000 1.166098
15.545000 1.186824
15.554999 1.207004
15.565000 1.227185
15.575000 1.246274
15.585000 1.265364
15.594999 1.283908
15.605000 1.301907
15.615000 1.319360
15.625000 1.335722
15.634999 1.352085
15.645000 1.367356
15.655000 1.382628
15.665000 1.396809
15.674999 1.410990
15.684999 1.424080
15.695000 1.437170
15.705000 1.449169
15.714999 1.460622
15.724999 1.471531
15.735000 1.481894
15.745000 1.491711
15.755000 1.500983
15.764999 1.509710
15.775000 1.517891
15.785000 1.524981
15.795000 1.532072
15.804999 1.538071
15.815000 1.544071
15.825000 1.548980
15.835000 1.553343
15.844999 1.557161
15.855000 1.559888
15.865000 1.562070
15.875000 1.563706
15.884999 1.564797
15.895000 1.564797
15.905000 1.564797
15.915000 1.564797
15.924999 1.564797
15.934999 1.564797
15.945000 1.564797
15.955000 1.564797
15.964999 1.564797
15.974999 1.564797
15.985000 1.564797
15.995000 1.564797
16.004999 1.564797
16.014999 1.564797
16.025000 1.564797
16.035000 1.564797
16.045000 1.564797
16.055000 1.564797
16.065001 1.564797
16.074999 1.564797
16.084999 1.564797
16.094999 1.564797
16.105000 1.564797
16.115000 1.564797
16.125000 1.564797
16.135000 1.564797
16.145000 1.564797
16.154999 1.563706
16.164999 1.562615
16.174999 1.560433
16.184999 1.557706
16.195000 1.553888
16.205000 1.549525
16.215000 1.544616
16.225000 1.539162
16.234999 1.533163
16.244999 1.526072
16.254999 1.518436
16.264999 1.510255
16.275000 1.501529
16.285000 1.491711
16.295000 1.481348
16.305000 1.469895
16.315001 1.458441
16.324999 1.445896
16.334999 1.433352
16.344999 1.419716
16.355000 1.405535
16.365000 1.390809
16.375000 1.375538
16.385000 1.360266
16.395000 1.343904
16.404999 1.326996
16.414999 1.310088
16.424999 1.292089
16.434999 1.273545
16.445000 1.254455
16.455000 1.234820
16.465000 1.214095
16.475000 1.193369
16.484999 1.171552
16.494999 1.149736
16.504999 1.126828
16.514999 1.103921
16.525000 1.080468
16.535000 1.056470
16.545000 1.032471
16.555000 1.007382
16.565001 0.982293
16.574999 0.956659
16.584999 0.930479
16.594999 0.904299
16.605000 0.877573
16.615000 0.850303
16.625000 0.822486
16.635000 0.794670
16.645000 0.766309
16.654999 0.737947
16.664999 0.709040
16.674999 0.680133
16.684999 0.650681
16.695000 0.620683
16.705000 0.590685
16.715000 0.560687
16.725000 0.530689
16.734999 0.500146
16.744999 0.469057
16.754999 0.438514
16.764999 0.407425
16.775000 0.376337
16.785000 0.344703
16.795000 0.313068
16.805000 0.281434
16.815001 0.249800
16.824999 0.218166
16.834999 0.186532
16.844999 0.154353
16.855000 0.122173
16.865000 0.089994
16.875000 0.057814
16.885000 0.025635
16.895000 -0.006545
16.904999 -0.038724
16.914999 -0.070359
16.924999 -0.102538
16.934999 -0.134718
16.945000 -0.166352
16.955000 -0.197986
16.965000 -0.229620
16.975000 -0.261254
16.984999 -0.292343
16.994999 -0.323977
17.004999 -0.354520
17.014999 -0.385609
17.025000 -0.416152
17.035000 -0.446695
17.045000 -0.476693
17.055000 -0.506691
17.065001 -0.536689
17.074999 -0.566141
17.084999 -0.595594
17.094999 -0.624501
17.105000 -0.653408
17.115000 -0.681769
17.125000 -0.710131
17.135000 -0.738492
17.145000 -0.765763
17.154999 -0.793579
17.164999 -0.820305
17.174999 -0.847030
17.184999 -0.873755
17.195000 -0.899935
17.205000 -0.925570
17.215000 -0.951204
17.225000 -0.976294
17.234999 -1.000837
17.244999 -1.024835
17.254999 -1.048834
17.264999 -1.071741
17.275000 -1.094649
17.285000 -1.117556
17.295000 -1.139373
17.305000 -1.161189
17.315001 -1.182461
17.324999 -1.203186
17.334999 -1.223367
17.344999 -1.243002
17.355000 -1.262637
17.365000 -1.281181
17.375000 -1.299179
17.385000 -1.317178
17.395000 -1.334086
17.410000 -1.350448
17.420000 -1.366811
17.430000 -1.382083
17.440001 -1.396809
17.449999 -1.410990
17.459999 -1.424625
17.469999 -1.437715
17.480000 -1.450260
17.490000 -1.461713
17.500000 -1.473167
17.510000 -1.483530
17.520000 -1.493347
17.529999 -1.502619
17.539999 -1.511346
17.549999 -1.519527
17.559999 -1.527163
17.570000 -1.534253
17.580000 -1.540798
17.590000 -1.546253
17.600000 -1.551161
17.609999 -1.555525
17.619999 -1.559343
17.629999 -1.562615
17.639999 -1.565342
17.650000 -1.566978
17.660000 -1.568069
17.670000 -1.568069
17.680000 -1.568069
17.690001 -1.568069
17.699999 -1.568069
17.709999 -1.568069
17.719999 -1.568069
17.730000 -1.568069
17.740000 -1.568069
17.750000 -1.568069
17.760000 -1.568069
17.770000 -1.568069
17.779999 -1.568069
17.789999 -1.568069
17.799999 -1.568069
17.809999 -1.568069
17.820000 -1.568069
17.830000 -1.568069
17.840000 -1.568069
17.850000 -1.568069
17.859999 -1.568069
17.869999 -1.568069
17.879999 -1.568069
17.889999 -1.568069
17.900000 -1.568069
17.910000 -1.568069
17.920000 -1.566978
17.930000 -1.565888
17.940001 -1.563706
17.949999 -1.561524
17.959999 -1.558252
17.969999 -1.554979
17.980000 -1.550071
17.990000 -1.545162
18.000000 -1.539708
18.010000 -1.533163
18.020000 -1.526072
18.029999 -1.518436
18.039999 -1.510255
18.049999 -1.501529
18.059999 -1.491711
18.070000 -1.481894
18.080000 -1.470985
18.090000 -1.459532
18.100000 -1.447532
18.109999 -1.434443
18.119999 -1.421353
18.129999 -1.407172
18.139999 -1.392445
18.150000 -1.377174
18.160000 -1.361357
18.170000 -1.344449
18.180000 -1.327541
18.190001 -1.309542
18.199999 -1.291544
18.209999 -1.272454
18.219999 -1.253365
18.230000 -1.233184
18.240000 -1.212458
18.250000 -1.191733
18.260000 -1.169916
18.270000 -1.148099
18.279999 -1.125192
18.289999 -1.102285
18.299999 -1.078832
18.309999 -1.054288
18.320000 -1.029744
18.330000 -1.005201
18.340000 -0.979566
18.350000 -0.953932
18.359999 -0.927752
18.369999 -0.901572
18.379999 -0.874301
18.389999 -0.847576
18.400000 -0.819759
18.410000 -0.791943
18.420000 -0.764127
18.430000 -0.735765
18.440001 -0.706858
18.449999 -0.677951
18.459999 -0.649044
18.469999 -0.619592
18.480000 -0.590139
18.490000 -0.560142
18.500000 -0.530144
18.510000 -0.499600
18.520000 -0.468512
18.529999 -0.437969
18.539999 -0.406880
18.549999 -0.375246
18.559999 -0.344157
18.570000 -0.312523
18.580000 -0.280889
18.590000 -0.249255
18.600000 -0.217075
18.609999 -0.185441
18.619999 -0.153807
18.629999 -0.121628
18.639999 -0.089448
18.650000 -0.057814
18.660000 -0.025635
18.670000 0.006545
18.680000 0.038179
18.690001 0.070359
18.699999 0.102538
18.709999 0.134172
18.719999 0.165806
18.730000 0.197440
18.740000 0.229074
18.750000 0.260709
18.760000 0.291797
18.770000 0.322886
18.779999 0.353975
18.789999 0.385063
18.799999 0.415607
18.809999 0.445604
18.830000 0.506145
18.840000 0.535598
18.850000 0.565050
18.859999 0.594503
18.869999 0.623955
18.879999 0.652862
18.889999 0.681769
18.900000 0.710676
18.910000 0.739038
18.920000 0.766854
18.930000 0.794670
18.939999 0.821941
18.949999 0.849212
18.969999 0.902117
18.980000 0.928297
18.990000 0.953932
19.000000 0.979021
19.010000 1.003564
19.020000 1.028108
19.029999 1.052106
19.039999 1.075014
19.049999 1.097921
19.059999 1.120283
19.070000 1.142645
19.080000 1.163916
19.090000 1.184642
19.100000 1.205368
19.109999 1.225003
19.119999 1.244638
19.129999 1.263727
19.139999 1.282272
19.150000 1.300270
19.160000 1.317178
19.170000 1.334086
19.180000 1.350448
19.189999 1.366266
19.199999 1.381537
19.209999 1.395718
19.219999 1.409899
19.230000 1.423534
19.240000 1.436079
19.250000 1.448623
19.260000 1.460077
19.270000 1.470985
19.279999 1.481894
19.289999 1.491711
19.299999 1.500983
19.309999 1.509710
19.320000 1.517891
19.330000 1.525527
19.340000 1.532072
19.350000 1.538071
19.359999 1.544071
19.369999 1.548980
19.379999 1.553343
19.389999 1.556615
19.400000 1.559888
19.414999 1.562070
19.424999 1.563706
19.434999 1.564251
19.445000 1.564797
19.455000 1.564797
19.465000 1.564797
19.475000 1.564797
19.484999 1.564797
19.494999 1.564797
19.504999 1.564797
19.514999 1.564797
19.525000 1.564797
19.545000 1.564797
19.555000 1.564797
19.564999 1.564797
19.574999 1.564797
19.584999 1.564797
19.594999 1.564797
19.605000 1.564797
19.615000 1.564797
19.625000 1.564797
19.635000 1.564797
19.645000 1.564797
19.654999 1.564797
19.664999 1.564797
19.684999 1.564797
19.695000 1.564251
19.705000 1.563706
19.715000 1.562070
19.725000 1.559888
19.734999 1.557161
19.744999 1.553343
19.754999 1.549525
19.764999 1.544616
19.775000 1.538617
19.785000 1.532617
19.795000 1.526072
19.805000 1.518982
19.814999 1.510801
19.824999 1.502074
19.834999 1.492802
19.844999 1.482439
19.855000 1.472076
19.865000 1.460622
19.875000 1.448623
19.885000 1.436079
19.895000 1.422443
19.904999 1.408808
19.914999 1.394082
19.924999 1.379356
19.934999 1.363539
19.945000 1.347721
19.955000 1.330814
19.965000 1.313906
19.975000 1.296452
19.984999 1.278454
19.994999 1.259364
20.004999 1.239729
20.014999 1.219549
20.025000 1.198823
20.035000 1.177006
20.045000 1.155190
20.055000 1.132282
