0.005000 0.008850
0.015000 0.026547
0.025000 0.044236
0.035000 0.061910
0.045000 0.079566
0.055000 0.097196
0.065000 0.114796
0.075000 0.132360
0.085000 0.149883
0.095000 0.167359
0.105000 0.184782
0.115000 0.202147
0.125000 0.219449
0.135000 0.236683
0.145000 0.253842
0.155000 0.270921
0.165000 0.287916
0.175000 0.304821
0.185000 0.321630
0.195000 0.338338
0.205000 0.354940
0.215000 0.371431
0.225000 0.387806
0.235000 0.404059
0.245000 0.420186
0.255000 0.436181
0.265000 0.452039
0.275000 0.467756
0.285000 0.483326
0.295000 0.498745
0.305000 0.514007
0.315000 0.529109
0.325000 0.544045
0.335000 0.558810
0.345000 0.573400
0.355000 0.587811
0.365000 0.602037
0.375000 0.616075
0.385000 0.629920
0.395000 0.643567
0.405000 0.657013
0.415000 0.670253
0.425000 0.683283
0.435000 0.696099
0.445000 0.708697
0.455000 0.721073
0.465000 0.733223
0.475000 0.745143
0.485000 0.756830
0.495000 0.768280
0.505000 0.779489
0.515000 0.790454
0.525000 0.801171
0.535000 0.811638
0.545000 0.821850
0.555000 0.831804
0.565000 0.841498
0.575000 0.850928
0.585000 0.860092
0.595000 0.868986
0.605000 0.877608
0.615000 0.885955
0.625000 0.894025
0.635000 0.901814
0.645000 0.909321
0.655000 0.916543
0.665000 0.923478
0.675000 0.930124
0.685000 0.936478
0.695000 0.942539
0.705000 0.948304
0.715000 0.953773
0.725000 0.958943
0.735000 0.963812
0.745000 0.968379
0.755000 0.972643
0.765000 0.976602
0.775000 0.980256
0.785000 0.983602
0.795000 0.986640
0.805000 0.989369
0.815000 0.991788
0.825000 0.993896
0.835000 0.995693
0.845000 0.997178
0.855000 0.998350
0.865000 0.999210
0.875000 0.999757
0.885000 0.999991
0.895000 0.999911
0.905000 0.999518
0.915000 0.998812
0.925000 0.997793
0.935000 0.996461
0.945000 0.994817
0.955000 0.992862
0.965000 0.990596
0.975000 0.988019
0.985000 0.985132
0.995000 0.981937
1.005000 0.978435
1.015000 0.974626
1.025000 0.970511
1.035000 0.966093
1.045000 0.961372
1.055000 0.956349
1.065000 0.951027
1.075000 0.945408
1.085000 0.939491
1.095000 0.933281
1.105000 0.926778
1.115000 0.919985
1.125000 0.912904
1.135000 0.905537
1.145000 0.897886
1.155000 0.889953
1.165000 0.881742
1.175000 0.873255
1.185000 0.864494
1.195000 0.855462
1.205000 0.846162
1.215000 0.836598
1.225000 0.826771
1.235000 0.816685
1.245000 0.806343
1.255000 0.795749
1.265000 0.784905
1.275000 0.773815
1.285000 0.762483
1.295000 0.750912
1.305000 0.739106
1.315000 0.727069
1.330000 0.708586
1.340000 0.695986
1.350000 0.683169
1.360000 0.670137
1.370000 0.656895
1.380000 0.643447
1.390000 0.629798
1.400000 0.615951
1.410000 0.601912
1.420000 0.587684
1.430000 0.573271
1.440000 0.558679
1.450000 0.543913
1.460000 0.528976
1.470000 0.513872
1.480000 0.498609
1.490000 0.483188
1.500000 0.467617
1.510000 0.451899
1.520000 0.436039
1.530000 0.420043
1.540000 0.403915
1.550000 0.387661
1.560000 0.371285
1.570000 0.354793
1.580000 0.338190
1.590000 0.321481
1.600000 0.304671
1.610000 0.287765
1.620000 0.270770
1.630000 0.253689
1.640000 0.236530
1.650000 0.219296
1.660000 0.201993
1.670000 0.184627
1.680000 0.167204
1.690000 0.149728
1.700000 0.132205
1.710000 0.114640
1.720000 0.097040
1.730000 0.079409
1.740000 0.061753
1.750000 0.044079
1.760000 0.026390
1.770000 0.008693
1.780000 -0.009007
1.790000 -0.026704
1.800000 -0.044393
1.810000 -0.062067
1.820000 -0.079722
1.830000 -0.097353
1.840000 -0.114953
1.850000 -0.132516
1.860000 -0.150038
1.870000 -0.167514
1.880000 -0.184937
1.890000 -0.202301
1.900000 -0.219603
1.910000 -0.236836
1.920000 -0.253994
1.930000 -0.271073
1.940000 -0.288067
1.950000 -0.304970
1.960000 -0.321778
1.970000 -0.338486
1.980000 -0.355087
1.990000 -0.371577
2.000000 -0.387951
2.010000 -0.404203
2.020000 -0.420329
2.030000 -0.436322
2.040000 -0.452179
2.050000 -0.467895
2.060000 -0.483464
2.070000 -0.498881
2.080000 -0.514142
2.090000 -0.529242
2.100000 -0.544176
2.110000 -0.558940
2.120000 -0.573529
2.130000 -0.587938
2.140000 -0.602163
2.150000 -0.616199
2.160000 -0.630042
2.170000 -0.643688
2.180000 -0.657132
2.190000 -0.670370
2.200000 -0.683398
2.210000 -0.696212
2.220000 -0.708808
2.230000 -0.721182
2.240000 -0.733330
2.250000 -0.745248
2.260000 -0.756933
2.270000 -0.768381
2.280000 -0.779588
2.290000 -0.790550
2.300000 -0.801266
2.310000 -0.811729
2.320000 -0.821939
2.330000 -0.831891
2.340000 -0.841583
2.350000 -0.851011
2.360000 -0.860172
2.370000 -0.869064
2.380000 -0.877684
2.390000 -0.886028
2.400000 -0.894095
2.410000 -0.901882
2.420000 -0.909387
2.430000 -0.916606
2.440000 -0.923539
2.450000 -0.930182
2.460000 -0.936533
2.470000 -0.942591
2.480000 -0.948354
2.490000 -0.953820
2.500000 -0.958987
2.510000 -0.963854
2.520000 -0.968418
2.530000 -0.972680
2.540000 -0.976636
2.550000 -0.980287
2.560000 -0.983630
2.570000 -0.986665
2.580000 -0.989392
2.590000 -0.991808
2.600000 -0.993913
2.610000 -0.995707
2.620000 -0.997190
2.630000 -0.998359
2.640000 -0.999216
2.650000 -0.999760
2.660000 -0.999991
2.670000 -0.999909
2.680000 -0.999513
2.690000 -0.998804
2.700000 -0.997782
2.710000 -0.996448
2.720000 -0.994801
2.730000 -0.992843
2.740000 -0.990574
2.750000 -0.987994
2.760000 -0.985105
2.770000 -0.981908
2.780000 -0.978402
2.790000 -0.974591
2.800000 -0.970473
2.810000 -0.966052
2.820000 -0.961328
2.830000 -0.956303
2.840000 -0.950979
2.850000 -0.945356
2.860000 -0.939437
2.870000 -0.933225
2.880000 -0.926719
2.890000 -0.919924
2.900000 -0.912840
2.910000 -0.905470
2.920000 -0.897817
2.930000 -0.889882
2.940000 -0.881668
2.950000 -0.873178
2.960000 -0.864415
2.970000 -0.855381
2.980000 -0.846079
2.990000 -0.836512
3.000000 -0.826682
3.010000 -0.816594
3.020000 -0.806250
3.030000 -0.795653
3.040000 -0.784807
3.050000 -0.773716
3.060000 -0.762382
3.070000 -0.750809
3.080000 -0.739001
3.090000 -0.726961
3.100000 -0.714693
3.110000 -0.702202
3.120000 -0.689490
3.130000 -0.676563
3.140000 -0.663424
3.150000 -0.650077
3.160000 -0.636526
3.170000 -0.622776
3.180000 -0.608831
3.190000 -0.594694
3.200000 -0.580372
3.210000 -0.565868
3.220000 -0.551186
3.230000 -0.536332
3.240000 -0.521310
3.250000 -0.506124
3.260000 -0.490780
3.270000 -0.475283
3.280000 -0.459636
3.290000 -0.443845
3.300000 -0.427916
3.310000 -0.411852
3.320000 -0.395659
3.335000 -0.371139
3.345000 -0.354646
3.355000 -0.338041
3.365000 -0.321332
3.375000 -0.304521
3.385000 -0.287615
3.395000 -0.270619
3.405000 -0.253538
3.415000 -0.236377
3.425000 -0.219143
3.435000 -0.201839
3.445000 -0.184473
3.455000 -0.167049
3.465000 -0.149572
3.475000 -0.132048
3.485000 -0.114484
3.495000 -0.096883
3.505000 -0.079252
3.515000 -0.061597
3.525000 -0.043921
3.535000 -0.026232
3.545000 -0.008536
3.555000 0.009164
3.565000 0.026861
3.575000 0.044550
3.585000 0.062224
3.595000 0.079880
3.605000 0.097510
3.615000 0.115109
3.625000 0.132672
3.635000 0.150194
3.645000 0.167669
3.655000 0.185091
3.665000 0.202456
3.675000 0.219756
3.685000 0.236988
3.695000 0.254146
3.705000 0.271224
3.715000 0.288217
3.725000 0.305120
3.735000 0.321927
3.745000 0.338634
3.755000 0.355234
3.765000 0.371723
3.775000 0.388096
3.785000 0.404347
3.795000 0.420471
3.805000 0.436464
3.815000 0.452320
3.825000 0.468033
3.835000 0.483601
3.845000 0.499017
3.855000 0.514277
3.865000 0.529376
3.875000 0.544308
3.885000 0.559071
3.895000 0.573658
3.905000 0.588065
3.915000 0.602289
3.925000 0.616322
3.935000 0.630164
3.945000 0.643808
3.955000 0.657250
3.965000 0.670487
3.975000 0.683513
3.985000 0.696325
3.995000 0.708919
4.005000 0.721291
4.015000 0.733437
4.025000 0.745353
4.035000 0.757036
4.045000 0.768481
4.055000 0.779686
4.065000 0.790647
4.075000 0.801359
4.085000 0.811821
4.095000 0.822029
4.105000 0.831979
4.115000 0.841668
4.125000 0.851094
4.135000 0.860253
4.145000 0.869142
4.155000 0.877759
4.165000 0.886101
4.175000 0.894166
4.185000 0.901950
4.195000 0.909452
4.205000 0.916669
4.215000 0.923599
4.225000 0.930239
4.235000 0.936588
4.245000 0.942644
4.255000 0.948404
4.265000 0.953867
4.275000 0.959032
4.285000 0.963896
4.295000 0.968458
4.305000 0.972716
4.315000 0.976670
4.325000 0.980318
4.335000 0.983658
4.345000 0.986691
4.355000 0.989414
4.365000 0.991828
4.375000 0.993931
4.385000 0.995722
4.395000 0.997201
4.405000 0.998368
4.415000 0.999223
4.425000 0.999764
4.435000 0.999992
4.445000 0.999907
4.455000 0.999508
4.465000 0.998796
4.475000 0.997772
4.485000 0.996435
4.495000 0.994785
4.505000 0.992824
4.515000 0.990552
4.525000 0.987970
4.535000 0.985078
4.545000 0.981878
4.555000 0.978370
4.565000 0.974555
4.575000 0.970435
4.585000 0.966011
4.595000 0.961285
4.605000 0.956257
4.615000 0.950930
4.625000 0.945305
4.635000 0.939384
4.645000 0.933168
4.655000 0.926660
4.665000 0.919862
4.675000 0.912775
4.685000 0.905403
4.695000 0.897747
4.705000 0.889810
4.715000 0.881594
4.725000 0.873102
4.735000 0.864336
4.745000 0.855299
4.755000 0.845994
4.765000 0.836425
4.775000 0.826594
4.785000 0.816503
4.795000 0.806157
4.805000 0.795558
4.815000 0.784710
4.825000 0.773616
4.835000 0.762280
4.845000 0.750704
4.855000 0.738895
4.865000 0.726853
4.875000 0.714583
4.885000 0.702090
4.895000 0.689377
4.905000 0.676448
4.915000 0.663306
4.925000 0.649957
4.935000 0.636404
4.945000 0.622652
4.955000 0.608706
4.965000 0.594568
4.975000 0.580244
4.985000 0.565739
4.995000 0.551056
5.005000 0.536200
5.015000 0.521176
5.025000 0.505989
5.035000 0.490643
5.045000 0.475145
5.055000 0.459497
5.065000 0.443705
5.075000 0.427774
5.085000 0.411709
5.095000 0.395515
5.105000 0.379197
5.115000 0.362760
5.125000 0.346210
5.135000 0.329551
5.145000 0.312790
5.155000 0.295929
5.165000 0.278977
5.175000 0.261936
5.185000 0.244814
5.195000 0.227615
5.205000 0.210345
5.215000 0.193009
5.225000 0.175613
5.235000 0.158162
5.245000 0.140660
5.255000 0.123115
5.265000 0.105531
5.275000 0.087914
5.285000 0.070270
5.295000 0.052604
5.305000 0.034921
5.315000 0.017227
5.325000 -0.000471
5.340000 -0.027018
5.350000 -0.044707
5.360000 -0.062381
5.370000 -0.080036
5.380000 -0.097666
5.390000 -0.115265
5.400000 -0.132828
5.410000 -0.150350
5.420000 -0.167823
5.430000 -0.185245
5.440000 -0.202609
5.450000 -0.219909
5.460000 -0.237141
5.470000 -0.254298
5.480000 -0.271375
5.490000 -0.288368
5.500000 -0.305270
5.510000 -0.322076
5.520000 -0.338781
5.530000 -0.355381
5.540000 -0.371869
5.550000 -0.388241
5.570000 -0.420614
5.580000 -0.436605
5.590000 -0.452460
5.600000 -0.468173
5.610000 -0.483739
5.620000 -0.499154
5.630000 -0.514412
5.640000 -0.529509
5.650000 -0.544440
5.660000 -0.559201
5.670000 -0.573786
5.680000 -0.588192
5.690000 -0.602414
5.710000 -0.630286
5.720000 -0.643929
5.730000 -0.657369
5.740000 -0.670603
5.750000 -0.683628
5.760000 -0.696438
5.770000 -0.709030
5.780000 -0.721400
5.790000 -0.733544
5.800000 -0.745458
5.810000 -0.757139
5.820000 -0.768582
5.830000 -0.779785
5.850000 -0.801453
5.860000 -0.811913
5.870000 -0.822118
5.880000 -0.832066
5.890000 -0.841753
5.900000 -0.851176
5.910000 -0.860332
5.920000 -0.869219
5.930000 -0.877834
5.940000 -0.886174
5.950000 -0.894236
5.960000 -0.902018
5.970000 -0.909517
5.980000 -0.916732
5.990000 -0.923659
6.000000 -0.930297
6.010000 -0.936644
6.020000 -0.942697
6.030000 -0.948454
6.040000 -0.953915
6.050000 -0.959076
6.060000 -0.963938
6.070000 -0.968497
6.080000 -0.972753
6.090000 -0.976703
6.100000 -0.980349
6.110000 -0.983687
6.120000 -0.986717
6.140000 -0.991848
6.150000 -0.993948
6.160000 -0.995736
6.170000 -0.997213
6.180000 -0.998377
6.190000 -0.999229
6.200000 -0.999767
6.210000 -0.999992
6.220000 -0.999904
6.230000 -0.999503
6.240000 -0.998789
6.250000 -0.997761
6.260000 -0.996421
6.280000 -0.992806
6.290000 -0.990531
6.300000 -0.987946
6.310000 -0.985051
6.320000 -0.981848
6.330000 -0.978337
6.340000 -0.974520
6.350000 -0.970398
6.360000 -0.965971
6.370000 -0.961242
6.380000 -0.956211
6.390000 -0.950881
6.400000 -0.945253
6.410000 -0.939330
6.420000 -0.933112
6.430000 -0.926601
6.440000 -0.919800
6.450000 -0.912711
6.460000 -0.905336
6.470000 -0.897678
6.480000 -0.889738
6.490000 -0.881519
6.500000 -0.873025
6.510000 -0.864256
6.520000 -0.855217
6.530000 -0.845911
6.540000 -0.836339
6.550000 -0.826506
6.560000 -0.816413
6.570000 -0.806064
6.580000 -0.795463
6.590000 -0.784613
6.600000 -0.773517
6.610000 -0.762178
6.620000 -0.750601
6.630000 -0.738788
6.640000 -0.726744
6.650000 -0.714474
6.660000 -0.701978
6.670000 -0.689263
6.680000 -0.676331
6.690000 -0.663188
6.710000 -0.636283
6.720000 -0.622530
6.730000 -0.608582
6.740000 -0.594442
6.750000 -0.580116
6.760000 -0.565609
6.770000 -0.550924
6.780000 -0.536067
6.790000 -0.521042
6.800000 -0.505854
6.810000 -0.490507
6.820000 -0.475006
6.830000 -0.459357
6.840000 -0.443564
6.850000 -0.427632
6.860000 -0.411565
6.870000 -0.395370
6.880000 -0.379051
6.890000 -0.362613
6.900000 -0.346063
6.910000 -0.329403
6.920000 -0.312640
6.930000 -0.295779
6.940000 -0.278825
6.950000 -0.261784
6.960000 -0.244661
6.970000 -0.227463
6.980000 -0.210192
6.990000 -0.192855
7.000000 -0.175458
7.010000 -0.158006
7.020000 -0.140504
7.030000 -0.122960
7.040000 -0.105375
7.050000 -0.087758
7.060000 -0.070113
7.070000 -0.052447
7.080000 -0.034764
7.090000 -0.017071
7.100000 0.000629
7.110000 0.018328
7.120000 0.036021
7.130000 0.053704
7.140000 0.071369
7.150000 0.089011
7.160000 0.106626
7.170000 0.124208
7.180000 0.141750
7.190000 0.159249
7.200000 0.176697
7.210000 0.194090
7.220000 0.211421
7.230000 0.228687
7.240000 0.245881
7.250000 0.262999
7.260000 0.280034
7.270000 0.296981
7.280000 0.313834
7.290000 0.330590
7.300000 0.347242
7.310000 0.363786
7.320000 0.380216
7.330000 0.396526
7.345000 0.420756
7.355000 0.436747
7.365000 0.452600
7.375000 0.468312
7.385000 0.483877
7.395000 0.499291
7.405000 0.514546
7.415000 0.529642
7.425000 0.544572
7.435000 0.559331
7.445000 0.573915
7.455000 0.588320
7.465000 0.602539
7.475000 0.616570
7.485000 0.630408
7.495000 0.644049
7.505000 0.657487
7.515000 0.670720
7.525000 0.683742
7.535000 0.696551
7.545000 0.709141
7.555000 0.721509
7.565000 0.733651
7.575000 0.745563
7.585000 0.757242
7.595000 0.768683
7.605000 0.779883
7.615000 0.790839
7.625000 0.801548
7.635000 0.812005
7.645000 0.822208
7.655000 0.832153
7.665000 0.841837
7.675000 0.851258
7.685000 0.860413
7.695000 0.869297
7.705000 0.877910
7.715000 0.886247
7.725000 0.894306
7.735000 0.902086
7.745000 0.909583
7.755000 0.916795
7.765000 0.923720
7.775000 0.930355
7.785000 0.936698
7.795000 0.942749
7.805000 0.948504
7.815000 0.953962
7.825000 0.959121
7.835000 0.963980
7.845000 0.968536
7.855000 0.972789
7.865000 0.976737
7.875000 0.980380
7.885000 0.983715
7.895000 0.986742
7.905000 0.989460
7.915000 0.991868
7.925000 0.993965
7.935000 0.995751
7.945000 0.997225
7.955000 0.998386
7.965000 0.999235
7.975000 0.999771
7.985000 0.999993
7.995000 0.999902
8.005000 0.999498
8.014999 0.998781
8.025000 0.997751
8.035000 0.996408
8.045000 0.994753
8.054999 0.992787
8.065000 0.990509
8.075000 0.987921
8.085000 0.985024
8.095000 0.981818
8.105000 0.978305
8.115000 0.974485
8.125000 0.970359
8.135000 0.965930
8.145000 0.961198
8.155000 0.956165
8.165000 0.950833
8.175000 0.945202
8.184999 0.939276
8.195000 0.933055
8.205000 0.926542
8.215000 0.919739
8.224999 0.912647
8.235000 0.905270
8.245000 0.897608
8.255000 0.889666
8.264999 0.881445
8.275000 0.872949
8.285000 0.864178
8.295000 0.855137
8.304999 0.845827
8.315000 0.836253
8.325000 0.826417
8.335000 0.816322
8.345000 0.805971
8.355000 0.795368
8.365000 0.784515
8.375000 0.773417
8.385000 0.762076
8.395000 0.750497
8.405000 0.738683
8.415000 0.726637
8.425000 0.714363
8.434999 0.701866
8.445000 0.689148
8.455000 0.676215
8.465000 0.663071
8.474999 0.649718
8.485000 0.636162
8.495000 0.622406
8.505000 0.608456
8.514999 0.594314
8.525000 0.579989
8.535000 0.565479
8.545000 0.550793
8.554999 0.535934
8.565000 0.520908
8.575000 0.505718
8.585000 0.490369
8.595000 0.474868
8.605000 0.459217
8.615000 0.443423
8.625000 0.427489
8.635000 0.411422
8.645000 0.395225
8.655000 0.378906
8.665000 0.362467
8.675000 0.345915
8.684999 0.329254
8.695000 0.312490
8.705000 0.295628
8.715000 0.278676
8.724999 0.261634
8.735000 0.244510
8.745000 0.227310
8.755000 0.210038
8.764999 0.192701
8.775000 0.175304
8.785000 0.157851
8.795000 0.140349
8.804999 0.122803
8.815000 0.105219
8.825000 0.087601
8.835000 0.069956
8.845000 0.052290
8.855000 0.034607
8.865000 0.016913
8.875000 -0.000787
8.885000 -0.018486
8.895000 -0.036179
8.905000 -0.053860
8.915000 -0.071525
8.925000 -0.089168
8.934999 -0.106783
8.945000 -0.124364
8.955000 -0.141906
8.965000 -0.159403
8.974999 -0.176851
8.985000 -0.194243
8.995000 -0.211575
9.005000 -0.228840
9.014999 -0.246034
9.025000 -0.263150
9.035000 -0.280184
9.045000 -0.297130
9.054999 -0.313984
9.065000 -0.330739
9.075000 -0.347390
9.085000 -0.363931
9.095000 -0.380360
9.105000 -0.396669
9.115000 -0.412854
9.125000 -0.428910
9.135000 -0.444831
9.145000 -0.460613
9.155000 -0.476251
9.165000 -0.491740
9.175000 -0.507074
9.184999 -0.522250
9.195000 -0.537262
9.205000 -0.552105
9.215000 -0.566774
9.224999 -0.581268
9.235000 -0.595579
9.245000 -0.609703
9.255000 -0.623637
9.264999 -0.637375
9.275000 -0.650912
9.285000 -0.664246
9.295000 -0.677373
9.304999 -0.690287
9.315000 -0.702985
9.325000 -0.715462
9.335000 -0.727716
9.349999 -0.745668
9.360000 -0.757344
9.370000 -0.768783
9.380000 -0.779982
9.389999 -0.790936
9.400000 -0.801641
9.410000 -0.812096
9.420000 -0.822297
9.429999 -0.832240
9.440000 -0.841922
9.450000 -0.851341
9.460000 -0.860493
9.469999 -0.869375
9.480000 -0.877985
9.490000 -0.886320
9.500000 -0.894377
9.510000 -0.902154
9.520000 -0.909649
9.530000 -0.916857
9.540000 -0.923780
9.550000 -0.930412
9.559999 -0.936754
9.570000 -0.942801
9.580000 -0.948554
9.590000 -0.954009
9.599999 -0.959165
9.610000 -0.964021
9.620000 -0.968575
9.630000 -0.972825
9.639999 -0.976771
9.650000 -0.980411
9.660000 -0.983743
9.670000 -0.986768
9.679999 -0.989483
9.690000 -0.991888
9.700000 -0.993983
9.710000 -0.995765
9.719999 -0.997237
9.730000 -0.998395
9.740000 -0.999241
9.750000 -0.999774
9.760000 -0.999994
9.770000 -0.999900
9.780000 -0.999493
9.790000 -0.998773
9.800000 -0.997740
9.809999 -0.996395
9.820000 -0.994737
9.830000 -0.992768
9.840000 -0.990488
9.849999 -0.987897
9.860000 -0.984997
9.870000 -0.981788
9.880000 -0.978272
9.889999 -0.974449
9.900000 -0.970322
9.910000 -0.965890
9.920000 -0.961155
9.929999 -0.956119
9.940000 -0.950784
9.950000 -0.945151
9.960000 -0.939222
9.969999 -0.932999
9.980000 -0.926483
9.990000 -0.919677
10.000000 -0.912583
10.010000 -0.905203
10.020000 -0.897539
10.030000 -0.889594
10.040000 -0.881371
10.050000 -0.872871
10.059999 -0.864098
10.070000 -0.855054
10.080000 -0.845743
10.090000 -0.836167
10.099999 -0.826329
10.110000 -0.816231
10.120000 -0.805878
10.130000 -0.795272
10.139999 -0.784417
10.150000 -0.773318
10.160000 -0.761975
10.170000 -0.750394
10.179999 -0.738577
10.190000 -0.726529
10.200000 -0.714254
10.210000 -0.701754
10.219999 -0.689035
10.230000 -0.676100
10.240000 -0.662953
10.250000 -0.649598
10.260000 -0.636040
10.270000 -0.622283
10.280000 -0.608332
10.290000 -0.594189
10.300000 -0.579860
10.309999 -0.565349
10.320000 -0.550662
10.330000 -0.535801
10.340000 -0.520773
10.349999 -0.505582
10.360000 -0.490232
10.370000 -0.474729
10.380000 -0.459076
10.389999 -0.443281
10.400000 -0.427348
10.410000 -0.411279
10.420000 -0.395081
10.429999 -0.378760
10.440000 -0.362320
10.450000 -0.345767
10.460000 -0.329107
10.469999 -0.312342
10.480000 -0.295479
10.490000 -0.278524
10.500000 -0.261482
10.510000 -0.244357
10.520000 -0.227156
10.530000 -0.209884
10.540000 -0.192546
10.550000 -0.175148
10.559999 -0.157695
10.570000 -0.140192
10.580000 -0.122646
10.590000 -0.105063
10.599999 -0.087445
10.610000 -0.069800
10.620000 -0.052133
10.630000 -0.034449
10.639999 -0.016755
10.650000 0.000942
10.660000 0.018641
10.670000 0.036335
10.679999 0.054017
10.690000 0.071682
10.700000 0.089324
10.710000 0.106939
10.719999 0.124520
10.730000 0.142062
10.740000 0.159559
10.750000 0.177007
10.760000 0.194399
10.770000 0.211730
10.780000 0.228993
10.790000 0.246186
10.800000 0.263302
10.809999 0.280335
10.820000 0.297281
10.830000 0.314134
10.840000 0.330886
10.849999 0.347536
10.860000 0.364078
10.870000 0.380505
10.880000 0.396814
10.889999 0.412998
10.900000 0.429052
10.910000 0.444972
10.920000 0.460753
10.929999 0.476390
10.940000 0.491877
10.950000 0.507210
10.960000 0.522382
10.969999 0.537393
10.980000 0.552235
10.990000 0.566904
11.000000 0.581396
11.010000 0.595705
11.020000 0.609828
11.030000 0.623758
11.040000 0.637495
11.050000 0.651031
11.059999 0.664364
11.070000 0.677489
11.080000 0.690401
11.090000 0.703097
11.099999 0.715573
11.110000 0.727824
11.120000 0.739848
11.130000 0.751639
11.139999 0.763196
11.150000 0.774512
11.160000 0.785586
11.170000 0.796414
11.179999 0.806993
11.190000 0.817319
11.200000 0.827389
11.210000 0.837200
11.219999 0.846749
11.230000 0.856032
11.240000 0.865047
11.250000 0.873791
11.259999 0.882261
11.270000 0.890455
11.280000 0.898369
11.290000 0.906003
11.300000 0.913353
11.309999 0.920416
11.320000 0.927191
11.330000 0.933676
11.340000 0.939868
11.355000 0.948603
11.365000 0.954056
11.375000 0.959210
11.384999 0.964063
11.395000 0.968614
11.405000 0.972862
11.415000 0.976805
11.425000 0.980442
11.434999 0.983772
11.445000 0.986793
11.455000 0.989506
11.465000 0.991908
11.474999 0.994000
11.485000 0.995780
11.495000 0.997248
11.505000 0.998404
11.514999 0.999247
11.525000 0.999777
11.535000 0.999994
11.545000 0.999898
11.554999 0.999488
11.565000 0.998765
11.575000 0.997730
11.585000 0.996381
11.594999 0.994721
11.605000 0.992749
11.615000 0.990466
11.625000 0.987873
11.634999 0.984970
11.645000 0.981758
11.655000 0.978239
11.665000 0.974414
11.675000 0.970283
11.684999 0.965849
11.695000 0.961112
11.705000 0.956074
11.715000 0.950736
11.724999 0.945100
11.735000 0.939168
11.745000 0.932942
11.755000 0.926424
11.764999 0.919615
11.775000 0.912518
11.785000 0.905136
11.795000 0.897470
11.804999 0.889523
11.815000 0.881297
11.825000 0.872795
11.835000 0.864020
11.844999 0.854974
11.855000 0.845660
11.865000 0.836081
11.875000 0.826240
11.884999 0.816140
11.895000 0.805784
11.905000 0.795177
11.915000 0.784320
11.925000 0.773217
11.934999 0.761873
11.945000 0.750289
11.955000 0.738471
11.965000 0.726421
11.974999 0.714143
11.985000 0.701642
11.995000 0.688921
12.005000 0.675984
12.014999 0.662835
12.025000 0.649478
12.035000 0.635919
12.045000 0.622159
12.054999 0.608207
12.065000 0.594062
12.075000 0.579732
12.085000 0.565219
12.094999 0.550530
12.105000 0.535668
12.125000 0.505446
12.134999 0.490094
12.145000 0.474590
12.155000 0.458936
12.165000 0.443139
12.175000 0.427203
12.184999 0.411137
12.195000 0.394938
12.205000 0.378616
12.215000 0.362175
12.224999 0.345621
12.235000 0.328958
12.245000 0.312192
12.264999 0.278373
12.275000 0.261329
12.285000 0.244204
12.295000 0.227003
12.304999 0.209732
12.315000 0.192393
12.325000 0.174994
12.335000 0.157541
12.344999 0.140038
12.355000 0.122491
12.365000 0.104906
12.375000 0.087288
12.384999 0.069642
12.395000 0.051975
12.405000 0.034292
12.415000 0.016598
12.425000 -0.001102
12.434999 -0.018799
12.445000 -0.036492
12.455000 -0.054174
12.465000 -0.071839
12.474999 -0.089481
12.485000 -0.107095
12.495000 -0.124676
12.505000 -0.142218
12.514999 -0.159715
12.525000 -0.177162
12.535000 -0.194553
12.545000 -0.211884
12.554999 -0.229144
12.565000 -0.246337
12.575000 -0.263452
12.585000 -0.280485
12.594999 -0.297430
12.605000 -0.314281
12.615000 -0.331035
12.625000 -0.347684
12.634999 -0.364225
12.645000 -0.380651
12.655000 -0.396958
12.665000 -0.413141
12.675000 -0.429195
12.695000 -0.460892
12.705000 -0.476527
12.715000 -0.492013
12.724999 -0.507344
12.735000 -0.522517
12.745000 -0.537526
12.755000 -0.552367
12.764999 -0.567034
12.775000 -0.581524
12.785000 -0.595832
12.795000 -0.609953
12.804999 -0.623882
12.815000 -0.637616
12.825000 -0.651151
12.835000 -0.664482
12.844999 -0.677605
12.855000 -0.690515
12.865000 -0.703209
12.875000 -0.715683
12.884999 -0.727932
12.895000 -0.739954
12.905000 -0.751743
12.915000 -0.763297
12.924999 -0.774611
12.934999 -0.785684
12.945000 -0.796510
12.955000 -0.807086
12.965000 -0.817410
12.974999 -0.827478
12.985000 -0.837286
12.995000 -0.846833
13.005000 -0.856114
13.014999 -0.865126
13.025000 -0.873868
13.035000 -0.882336
13.045000 -0.890527
13.054999 -0.898438
13.065000 -0.906069
13.075000 -0.913416
13.085000 -0.920477
13.094999 -0.927250
13.105000 -0.933732
13.115000 -0.939921
13.125000 -0.945817
13.134999 -0.951415
13.145000 -0.956716
13.155000 -0.961717
13.165000 -0.966417
13.174999 -0.970813
13.184999 -0.974906
13.195000 -0.978694
13.205000 -0.982175
13.215000 -0.985348
13.224999 -0.988212
13.235000 -0.990767
13.245000 -0.993011
13.264999 -0.996566
13.275000 -0.997876
13.285000 -0.998872
13.295000 -0.999556
13.304999 -0.999927
13.315000 -0.999984
13.325000 -0.999729
13.335000 -0.999159
13.344999 -0.998277
13.360000 -0.996368
13.370000 -0.994705
13.380000 -0.992730
13.389999 -0.990444
13.400000 -0.987848
13.410000 -0.984942
13.420000 -0.981728
13.429999 -0.978207
13.440000 -0.974379
13.450000 -0.970246
13.460000 -0.965808
13.469999 -0.961068
13.480000 -0.956027
13.490000 -0.950687
13.500000 -0.945048
13.509999 -0.939114
13.520000 -0.932885
13.530000 -0.926364
13.540000 -0.919553
13.549999 -0.912455
13.559999 -0.905070
13.570000 -0.897401
13.580000 -0.889451
13.590000 -0.881223
13.599999 -0.872718
13.610000 -0.863940
13.620000 -0.854892
13.630000 -0.845575
13.639999 -0.835994
13.650000 -0.826151
13.660000 -0.816049
13.670000 -0.805691
13.679999 -0.795082
13.690000 -0.784223
13.700000 -0.773118
13.710000 -0.761771
13.719999 -0.750185
13.730000 -0.738365
13.740000 -0.726312
13.750000 -0.714033
13.759999 -0.701529
13.770000 -0.688806
13.780000 -0.675867
13.790000 -0.662717
13.799999 -0.649360
13.809999 -0.635798
13.820000 -0.622037
13.830000 -0.608082
13.840000 -0.593935
13.849999 -0.579603
13.860000 -0.565089
13.870000 -0.550398
13.880000 -0.535535
13.889999 -0.520504
13.900000 -0.505310
13.910000 -0.489957
13.920000 -0.474451
13.929999 -0.458800
13.940000 -0.443001
13.950000 -0.427064
13.960000 -0.410993
13.969999 -0.394793
13.980000 -0.378470
13.990000 -0.362028
14.000000 -0.345473
14.009999 -0.328809
14.020000 -0.312042
14.030000 -0.295178
14.040000 -0.278221
14.049999 -0.261179
14.059999 -0.244053
14.070000 -0.226851
14.080000 -0.209577
14.090000 -0.192238
14.099999 -0.174839
14.110000 -0.157385
14.120000 -0.139882
14.130000 -0.122335
14.139999 -0.104749
14.150000 -0.087131
14.160000 -0.069485
14.170000 -0.051818
14.179999 -0.034136
14.190000 -0.016442
14.200000 0.001258
14.210000 0.018957
14.219999 0.036650
14.230000 0.054331
14.240000 0.071996
14.250000 0.089638
14.259999 0.107252
14.270000 0.124833
14.280000 0.142374
14.290000 0.159870
14.299999 0.177315
14.309999 0.194706
14.320000 0.212036
14.330000 0.229300
14.340000 0.246492
14.349999 0.263606
14.360000 0.280638
14.370000 0.297582
14.380000 0.314433
14.389999 0.331185
14.400000 0.347834
14.410000 0.364373
14.420000 0.380799
14.429999 0.397101
14.440000 0.413283
14.450000 0.429335
14.460000 0.445253
14.469999 0.461031
14.480000 0.476665
14.490000 0.492150
14.500000 0.507480
14.509999 0.522651
14.520000 0.537659
14.530000 0.552498
14.540000 0.567164
14.549999 0.581651
14.559999 0.595957
14.570000 0.610077
14.580000 0.624005
14.589999 0.637738
14.599999 0.651271
14.610000 0.664600
14.620000 0.677721
14.630000 0.690629
14.639999 0.703321
14.650000 0.715793
14.660000 0.728040
14.670000 0.740060
14.679999 0.751846
14.690000 0.763398
14.700000 0.774711
14.710000 0.785781
14.719999 0.796605
14.730000 0.807180
14.740000 0.817501
14.750000 0.827567
14.759999 0.837373
14.770000 0.846916
14.780000 0.856195
14.790000 0.865205
14.799999 0.873943
14.809999 0.882408
14.820000 0.890597
14.830000 0.898507
14.839999 0.906136
14.849999 0.913480
14.860000 0.920539
14.870000 0.927309
14.880000 0.933788
14.889999 0.939975
14.900000 0.945868
14.910000 0.951464
14.920000 0.956762
14.929999 0.961760
14.940000 0.966457
14.950000 0.970851
14.960000 0.974941
14.969999 0.978726
14.980000 0.982204
14.990000 0.985374
15.000000 0.988236
15.009999 0.990788
15.020000 0.993030
15.030000 0.994960
15.040000 0.996579
15.049999 0.997886
15.059999 0.998880
15.070000 0.999561
15.080000 0.999929
15.089999 0.999983
15.099999 0.999725
15.110000 0.999153
15.120000 0.998268
15.130000 0.997071
15.139999 0.995561
15.150000 0.993739
15.160000 0.991606
15.170000 0.989162
15.179999 0.986408
15.190000 0.983346
15.200000 0.979975
15.210000 0.976297
15.219999 0.972313
15.230000 0.968025
15.240000 0.963433
15.250000 0.958540
15.259999 0.953346
15.270000 0.947854
15.280000 0.942065
15.290000 0.935980
15.299999 0.929604
15.309999 0.922935
15.320000 0.915977
15.330000 0.908732
15.339999 0.901202
15.349999 0.893390
15.365000 0.881148
15.375000 0.872641
15.384999 0.863861
15.395000 0.854810
15.405000 0.845491
15.415000 0.835908
15.424999 0.826063
15.434999 0.815959
15.445000 0.805599
15.455000 0.794986
15.464999 0.784125
15.474999 0.773018
15.485000 0.761669
15.495000 0.750081
15.505000 0.738258
15.514999 0.726204
15.525000 0.713922
15.535000 0.701417
15.545000 0.688692
15.554999 0.675753
15.565000 0.662600
15.575000 0.649240
15.585000 0.635677
15.594999 0.621914
15.605000 0.607957
15.615000 0.593809
15.625000 0.579475
15.634999 0.564959
15.645000 0.550267
15.655000 0.535402
15.665000 0.520369
15.674999 0.505177
15.684999 0.489823
15.695000 0.474315
15.705000 0.458660
15.714999 0.442860
15.724999 0.426922
15.735000 0.410849
15.745000 0.394649
15.755000 0.378324
15.764999 0.361881
15.775000 0.345325
15.785000 0.328660
15.795000 0.311893
15.804999 0.295029
15.815000 0.278072
15.825000 0.261027
15.835000 0.243900
15.844999 0.226697
15.855000 0.209423
15.865000 0.192084
15.875000 0.174684
15.884999 0.157229
15.895000 0.139726
15.905000 0.122178
15.915000 0.104592
15.924999 0.086976
15.934999 0.069330
15.945000 0.051662
15.955000 0.033979
15.964999 0.016284
15.974999 -0.001415
15.985000 -0.019114
15.995000 -0.036807
16.004999 -0.054489
16.014999 -0.072153
16.025000 -0.089795
16.035000 -0.107409
16.045000 -0.124989
16.055000 -0.142528
16.065001 -0.160024
16.074999 -0.177470
16.084999 -0.194861
16.094999 -0.212190
16.105000 -0.229453
16.115000 -0.246644
16.125000 -0.263758
16.135000 -0.280789
16.145000 -0.297733
16.154999 -0.314583
16.164999 -0.331334
16.174999 -0.347978
16.184999 -0.364517
16.195000 -0.380941
16.205000 -0.397246
16.215000 -0.413427
16.225000 -0.429478
16.234999 -0.445394
16.244999 -0.461171
16.254999 -0.476804
16.264999 -0.492287
16.275000 -0.507616
16.285000 -0.522786
16.295000 -0.537792
16.305000 -0.552628
16.315001 -0.567292
16.324999 -0.581779
16.334999 -0.596084
16.344999 -0.610202
16.355000 -0.624128
16.365000 -0.637859
16.375000 -0.651390
16.385000 -0.664718
16.395000 -0.677836
16.404999 -0.690743
16.414999 -0.703433
16.424999 -0.715902
16.434999 -0.728147
16.445000 -0.740165
16.455000 -0.751950
16.465000 -0.763500
16.475000 -0.774811
16.484999 -0.785879
16.494999 -0.796700
16.504999 -0.807273
16.514999 -0.817592
16.525000 -0.827655
16.535000 -0.837459
16.545000 -0.847000
16.555000 -0.856274
16.565001 -0.865282
16.574999 -0.874019
16.584999 -0.882482
16.594999 -0.890669
16.605000 -0.898576
16.615000 -0.906202
16.625000 -0.913544
16.635000 -0.920600
16.645000 -0.927368
16.654999 -0.933845
16.664999 -0.940029
16.674999 -0.945918
16.684999 -0.951512
16.695000 -0.956807
16.705000 -0.961803
16.715000 -0.966497
16.725000 -0.970889
16.734999 -0.974976
16.744999 -0.978758
16.754999 -0.982234
16.764999 -0.985401
16.775000 -0.988260
16.785000 -0.990810
16.795000 -0.993048
16.805000 -0.994976
16.815001 -0.996592
16.824999 -0.997896
16.834999 -0.998887
16.844999 -0.999565
16.855000 -0.999931
16.865000 -0.999982
16.875000 -0.999721
16.885000 -0.999146
16.895000 -0.998259
16.904999 -0.997058
16.914999 -0.995546
16.924999 -0.993721
16.934999 -0.991585
16.945000 -0.989139
16.955000 -0.986382
16.965000 -0.983317
16.975000 -0.979943
16.984999 -0.976263
16.994999 -0.972276
17.004999 -0.967985
17.014999 -0.963391
17.025000 -0.958495
17.035000 -0.953299
17.045000 -0.947804
17.055000 -0.942013
17.065001 -0.935926
17.074999 -0.929546
17.084999 -0.922874
17.094999 -0.915914
17.105000 -0.908666
17.115000 -0.901134
17.125000 -0.893319
17.135000 -0.885225
17.145000 -0.876853
17.154999 -0.868207
17.164999 -0.859288
17.174999 -0.850102
17.184999 -0.840648
17.195000 -0.830931
17.205000 -0.820953
17.215000 -0.810718
17.225000 -0.800229
17.234999 -0.789490
17.244999 -0.778503
17.254999 -0.767272
17.264999 -0.755801
17.275000 -0.744093
17.285000 -0.732152
17.295000 -0.719982
17.305000 -0.707587
17.315001 -0.694970
17.324999 -0.682134
17.334999 -0.669085
17.344999 -0.655827
17.355000 -0.642363
17.369999 -0.621790
17.379999 -0.607831
17.389999 -0.593682
17.400000 -0.579346
17.410000 -0.564829
17.420000 -0.550135
17.430000 -0.535272
17.440001 -0.520238
17.449999 -0.505041
17.459999 -0.489685
17.469999 -0.474177
17.480000 -0.458519
17.490000 -0.442719
17.500000 -0.426779
17.510000 -0.410706
17.520000 -0.394504
17.529999 -0.378178
17.539999 -0.361734
17.549999 -0.345179
17.559999 -0.328513
17.570000 -0.311745
17.580000 -0.294879
17.590000 -0.277920
17.600000 -0.260875
17.609999 -0.243747
17.619999 -0.226544
17.629999 -0.209269
17.639999 -0.191929
17.650000 -0.174529
17.660000 -0.157074
17.670000 -0.139570
17.680000 -0.122024
17.690001 -0.104437
17.699999 -0.086819
17.709999 -0.069172
17.719999 -0.051505
17.730000 -0.033821
17.740000 -0.016126
17.750000 0.001573
17.760000 0.019272
17.770000 0.036965
17.779999 0.054646
17.789999 0.072311
17.799999 0.089950
17.809999 0.107564
17.820000 0.125143
17.830000 0.142684
17.840000 0.160180
17.850000 0.177625
17.859999 0.195015
17.869999 0.212344
17.879999 0.229607
17.889999 0.246797
17.900000 0.263910
17.910000 0.280941
17.920000 0.297880
17.930000 0.314729
17.940001 0.331479
17.949999 0.348126
17.959999 0.364663
17.969999 0.381087
17.980000 0.397391
17.990000 0.413570
18.000000 0.429620
18.010000 0.445536
18.020000 0.461311
18.029999 0.476942
18.039999 0.492424
18.049999 0.507750
18.059999 0.522919
18.070000 0.537923
18.080000 0.552759
18.090000 0.567422
18.100000 0.581907
18.109999 0.596210
18.119999 0.610326
18.129999 0.624251
18.139999 0.637981
18.150000 0.651510
18.160000 0.664835
18.170000 0.677950
18.180000 0.690854
18.190001 0.703543
18.199999 0.716010
18.209999 0.728254
18.219999 0.740269
18.230000 0.752053
18.240000 0.763601
18.250000 0.774909
18.260000 0.785975
18.270000 0.796795
18.279999 0.807365
18.289999 0.817682
18.299999 0.827742
18.309999 0.837544
18.320000 0.847083
18.330000 0.856357
18.340000 0.865362
18.350000 0.874097
18.359999 0.882557
18.369999 0.890741
18.379999 0.898646
18.389999 0.906270
18.400000 0.913609
18.410000 0.920663
18.420000 0.927426
18.430000 0.933900
18.440001 0.940082
18.449999 0.945969
18.459999 0.951560
18.469999 0.956853
18.480000 0.961846
18.490000 0.966538
18.500000 0.970927
18.510000 0.975011
18.520000 0.978791
18.539999 0.985428
18.549999 0.988284
18.559999 0.990830
18.570000 0.993066
18.580000 0.994992
18.590000 0.996605
18.600000 0.997906
18.609999 0.998895
18.619999 0.999570
18.629999 0.999932
18.639999 0.999982
18.650000 0.999717
18.660000 0.999140
18.680000 0.997047
18.690001 0.995531
18.699999 0.993704
18.709999 0.991565
18.719999 0.989116
18.730000 0.986356
18.740000 0.983288
18.750000 0.979912
18.760000 0.976229
18.770000 0.972239
18.779999 0.967946
18.789999 0.963349
18.799999 0.958451
18.809999 0.953252
18.820000 0.947755
18.830000 0.941960
18.840000 0.935870
18.850000 0.929488
18.859999 0.922813
18.869999 0.915850
18.879999 0.908600
18.889999 0.901066
18.900000 0.893249
18.910000 0.885152
18.920000 0.876778
18.930000 0.868129
18.939999 0.859208
18.949999 0.850018
18.959999 0.840562
18.969999 0.830842
18.980000 0.820862
18.990000 0.810625
19.000000 0.800134
19.010000 0.789392
19.020000 0.778403
19.029999 0.767170
19.039999 0.755697
19.049999 0.743989
19.059999 0.732046
19.070000 0.719874
19.080000 0.707476
19.090000 0.694856
19.109999 0.668968
19.119999 0.655708
19.129999 0.642242
19.139999 0.628575
19.150000 0.614711
19.160000 0.600654
19.170000 0.586412
19.180000 0.571984
19.189999 0.557376
19.199999 0.542594
19.209999 0.527641
19.219999 0.512524
19.230000 0.497246
19.240000 0.481812
19.250000 0.466227
19.260000 0.450496
19.270000 0.434624
19.279999 0.418615
19.289999 0.402476
19.299999 0.386211
19.309999 0.369824
19.320000 0.353322
19.330000 0.336709
19.340000 0.319990
19.350000 0.303171
19.359999 0.286258
19.375000 0.260720
19.385000 0.243593
19.395000 0.226388
19.404999 0.209113
19.414999 0.191772
19.424999 0.174375
19.434999 0.156920
19.445000 0.139415
19.455000 0.121867
19.465000 0.104281
19.475000 0.086661
19.484999 0.069015
19.494999 0.051347
19.504999 0.033663
19.514999 0.015969
19.525000 -0.001731
19.535000 -0.019430
19.545000 -0.037119
19.555000 -0.054800
19.564999 -0.072464
19.574999 -0.090105
19.584999 -0.107719
19.594999 -0.125298
19.605000 -0.142838
19.615000 -0.160334
19.625000 -0.177779
19.635000 -0.195168
19.645000 -0.212497
19.654999 -0.229758
19.664999 -0.246948
19.684999 -0.281090
19.695000 -0.298032
19.705000 -0.314880
19.715000 -0.331630
19.725000 -0.348275
19.734999 -0.364812
19.744999 -0.381234
19.754999 -0.397537
19.764999 -0.413716
19.775000 -0.429764
19.785000 -0.445678
19.795000 -0.461449
19.805000 -0.477079
19.814999 -0.492560
19.824999 -0.507886
19.834999 -0.523053
19.844999 -0.538056
19.855000 -0.552891
19.865000 -0.567552
19.875000 -0.582036
19.885000 -0.596337
19.895000 -0.610451
19.904999 -0.624374
19.914999 -0.638102
19.924999 -0.651627
19.934999 -0.664950
19.945000 -0.678065
19.955000 -0.690968
19.965000 -0.703655
19.975000 -0.716120
19.984999 -0.728362
19.994999 -0.740375
20.004999 -0.752157
20.014999 -0.763702
20.025000 -0.775009
20.035000 -0.786072
20.045000 -0.796890
20.055000 -0.807458
