0.005000 0.004909
0.015000 0.020726
0.025000 0.032725
0.035000 0.041997
0.045000 0.049633
0.055000 0.056178
0.065000 0.061632
0.075000 0.066541
0.085000 0.070904
0.095000 0.075267
0.105000 0.079085
0.115000 0.083449
0.125000 0.087812
0.135000 0.092175
0.145000 0.096539
0.155000 0.100902
0.165000 0.105811
0.175000 0.110719
0.185000 0.116173
0.195000 0.121628
0.205000 0.127082
0.215000 0.132536
0.225000 0.139081
0.235000 0.145080
0.245000 0.151625
0.255000 0.158716
0.265000 0.165261
0.275000 0.172897
0.285000 0.179987
0.295000 0.187623
0.315000 0.202895
0.325000 0.211076
0.335000 0.219257
0.345000 0.227438
0.355000 0.235619
0.365000 0.244346
0.375000 0.253073
0.385000 0.261799
0.395000 0.270526
0.405000 0.279798
0.415000 0.289070
0.425000 0.298342
0.435000 0.307614
0.455000 0.327249
0.465000 0.337612
0.475000 0.347975
0.485000 0.358338
0.495000 0.368701
0.505000 0.379609
0.515000 0.390517
0.525000 0.401426
0.535000 0.412334
0.545000 0.423242
0.555000 0.434696
0.565000 0.446150
0.575000 0.457604
0.585000 0.468512
0.595000 0.479966
0.605000 0.491419
0.615000 0.502873
0.625000 0.514327
0.635000 0.525235
0.645000 0.536689
0.655000 0.548142
0.665000 0.559596
0.675000 0.571050
0.685000 0.582504
0.695000 0.593957
0.705000 0.605411
0.715000 0.617410
0.725000 0.628864
0.735000 0.640863
0.745000 0.652317
0.755000 0.664316
0.765000 0.676315
0.775000 0.687769
0.785000 0.699768
0.795000 0.711767
0.805000 0.723766
0.815000 0.735220
0.825000 0.747219
0.835000 0.758673
0.845000 0.770127
0.855000 0.781580
0.865000 0.793034
0.875000 0.803942
0.885000 0.815396
0.895000 0.826850
0.905000 0.837758
0.915000 0.849212
0.925000 0.860120
0.935000 0.871028
0.945000 0.881937
0.955000 0.893390
0.965000 0.904299
0.975000 0.915207
0.985000 0.926115
0.995000 0.936478
1.005000 0.947387
1.015000 0.957749
1.025000 0.968658
1.035000 0.979021
1.045000 0.988838
1.055000 0.999201
1.065000 1.009018
1.075000 1.018836
1.085000 1.028653
1.095000 1.038471
1.105000 1.048288
1.115000 1.057560
1.125000 1.066833
1.135000 1.076105
1.145000 1.085377
1.155000 1.094649
1.165000 1.103375
1.175000 1.112647
1.185000 1.121374
1.195000 1.130101
1.205000 1.138827
1.215000 1.147009
1.225000 1.155735
1.235000 1.163916
1.245000 1.172098
1.255000 1.180279
1.265000 1.187915
1.275000 1.195551
1.285000 1.203186
1.295000 1.210822
1.305000 1.217913
1.315000 1.225548
1.325000 1.232639
1.335000 1.239729
1.345000 1.246274
1.355000 1.253365
1.370000 1.259910
1.380000 1.266455
1.390000 1.273000
1.400000 1.278999
1.410000 1.284999
1.420000 1.290998
1.430000 1.296998
1.440000 1.302452
1.450000 1.307906
1.460000 1.312815
1.470000 1.317724
1.480000 1.322632
1.490000 1.327541
1.500000 1.331904
1.510000 1.335722
1.520000 1.340086
1.530000 1.344449
1.540000 1.348267
1.550000 1.351539
1.560000 1.355357
1.570000 1.358630
1.580000 1.361902
1.590000 1.365175
1.600000 1.368447
1.610000 1.371174
1.620000 1.373901
1.630000 1.376083
1.640000 1.378810
1.650000 1.380992
1.660000 1.382628
1.670000 1.384810
1.680000 1.386446
1.690000 1.388082
1.700000 1.389718
1.710000 1.390809
1.720000 1.391900
1.730000 1.392991
1.740000 1.394082
1.750000 1.394627
1.760000 1.395718
1.770000 1.396263
1.780000 1.396809
1.790000 1.397354
1.800000 1.397354
1.810000 1.397900
1.820000 1.397900
1.830000 1.397900
1.840000 1.397900
1.850000 1.397900
1.860000 1.397900
1.870000 1.397900
1.880000 1.397900
1.890000 1.397900
1.900000 1.397900
1.910000 1.397900
1.920000 1.397900
1.930000 1.397900
1.940000 1.397900
1.950000 1.397900
1.960000 1.397900
1.970000 1.397900
1.980000 1.397900
1.990000 1.397900
2.000000 1.397900
2.010000 1.397900
2.020000 1.397900
2.030000 1.397900
2.040000 1.397900
2.050000 1.397900
2.060000 1.397900
2.070000 1.397900
2.080000 1.397900
2.090000 1.397900
2.100000 1.397900
2.110000 1.397900
2.120000 1.397900
2.130000 1.397900
2.140000 1.397900
2.150000 1.397900
2.160000 1.397900
2.170000 1.397900
2.180000 1.397900
2.190000 1.397900
2.200000 1.397900
2.210000 1.397900
2.220000 1.397900
2.230000 1.397900
2.240000 1.397900
2.250000 1.397900
2.260000 1.397900
2.270000 1.397900
2.280000 1.397900
2.290000 1.397900
2.300000 1.397900
2.310000 1.397900
2.320000 1.397900
2.330000 1.397900
2.340000 1.397900
2.350000 1.397900
2.360000 1.397900
2.370000 1.397900
2.380000 1.397900
2.390000 1.397900
2.400000 1.397900
2.410000 1.397900
2.420000 1.397900
2.430000 1.397900
2.440000 1.397900
2.450000 1.397900
2.460000 1.397900
2.470000 1.397900
2.480000 1.397900
2.490000 1.397900
2.500000 1.397900
2.510000 1.397900
2.520000 1.397900
2.530000 1.397900
2.540000 1.397900
2.550000 1.397900
2.560000 1.397900
2.570000 1.397900
2.580000 1.397900
2.590000 1.397900
2.600000 1.397900
2.610000 1.397900
2.620000 1.397900
2.630000 1.397900
2.640000 1.397900
2.650000 1.397900
2.660000 1.397900
2.670000 1.397900
2.680000 1.397900
2.690000 1.397900
2.700000 1.397900
2.710000 1.397900
2.720000 1.397900
2.730000 1.397900
2.740000 1.397900
2.750000 1.397900
2.760000 1.397900
2.770000 1.397900
2.780000 1.397900
2.790000 1.397900
2.800000 1.397900
2.810000 1.397900
2.820000 1.397900
2.830000 1.397900
2.840000 1.397900
2.850000 1.397900
2.860000 1.397900
2.870000 1.397900
2.880000 1.397900
2.890000 1.397900
2.900000 1.397900
2.910000 1.397900
2.920000 1.397900
2.930000 1.397900
2.940000 1.397900
2.950000 1.397900
2.960000 1.397900
2.970000 1.397900
2.980000 1.397900
2.990000 1.397900
3.000000 1.397900
3.010000 1.397900
3.020000 1.397900
3.030000 1.397900
3.040000 1.397900
3.050000 1.397900
3.060000 1.397900
3.070000 1.397900
3.080000 1.397900
3.090000 1.397900
3.100000 1.397900
3.110000 1.397900
3.120000 1.397900
3.130000 1.397900
3.140000 1.397900
3.150000 1.397900
3.160000 1.397900
3.170000 1.397900
3.180000 1.397900
3.190000 1.397900
3.200000 1.397354
3.210000 1.396809
3.220000 1.395718
3.230000 1.395173
3.240000 1.394082
3.250000 1.392991
3.260000 1.391900
3.270000 1.390809
3.280000 1.389718
3.290000 1.388628
3.300000 1.387537
3.310000 1.385900
3.320000 1.384264
3.330000 1.382628
3.340000 1.380446
3.350000 1.378810
3.360000 1.376628
3.375000 1.374992
3.385000 1.372265
3.395000 1.370083
3.405000 1.368447
3.415000 1.366266
3.425000 1.364084
3.435000 1.361357
3.445000 1.359175
3.455000 1.356448
3.465000 1.353721
3.475000 1.350994
3.485000 1.348267
3.495000 1.345540
3.505000 1.342813
3.515000 1.340086
3.525000 1.336813
3.535000 1.333541
3.545000 1.330268
3.555000 1.326450
3.565000 1.323178
3.575000 1.319360
3.585000 1.315542
3.595000 1.311724
3.605000 1.307906
3.615000 1.304088
3.625000 1.300270
3.635000 1.295907
3.645000 1.292089
3.655000 1.287180
3.665000 1.283362
3.675000 1.278999
3.685000 1.274090
3.695000 1.269727
3.705000 1.265364
3.715000 1.261000
3.725000 1.256092
3.735000 1.251183
3.745000 1.246820
3.755000 1.241911
3.765000 1.237002
3.775000 1.232093
3.785000 1.227185
3.795000 1.222276
3.805000 1.217913
3.815000 1.213004
3.825000 1.208095
3.835000 1.203186
3.845000 1.198278
3.855000 1.193369
3.865000 1.188460
3.875000 1.183551
3.885000 1.178643
3.895000 1.173734
3.905000 1.168825
3.915000 1.163371
3.925000 1.158462
3.935000 1.153008
3.945000 1.148099
3.955000 1.142645
3.965000 1.137737
3.975000 1.132828
3.985000 1.127919
3.995000 1.123010
4.005000 1.118102
4.015000 1.113193
4.025000 1.108284
4.035000 1.103375
4.045000 1.098467
4.055000 1.093558
4.065000 1.088649
4.075000 1.084286
4.085000 1.079377
4.095000 1.075014
4.105000 1.070650
4.115000 1.065742
4.125000 1.061378
4.135000 1.057015
4.145000 1.052106
4.155000 1.047743
4.165000 1.043380
4.175000 1.039016
4.185000 1.034108
4.195000 1.029744
4.205000 1.025381
4.215000 1.021018
4.225000 1.016654
4.235000 1.012291
4.245000 1.007928
4.255000 1.003564
4.265000 0.999201
4.275000 0.995383
4.285000 0.991020
4.295000 0.987202
4.305000 0.982839
4.315000 0.978475
4.325000 0.974657
4.335000 0.970294
4.345000 0.966476
4.355000 0.962658
4.365000 0.958840
4.375000 0.955022
4.385000 0.950659
4.395000 0.947387
4.405000 0.943569
4.415000 0.939751
4.425000 0.935933
4.435000 0.932660
4.445000 0.929388
4.455000 0.925570
4.465000 0.922297
4.475000 0.919025
4.485000 0.916298
4.495000 0.913025
4.505000 0.910298
4.515000 0.907571
4.525000 0.904844
4.535000 0.902117
4.545000 0.899390
4.555000 0.896663
4.565000 0.894481
4.575000 0.891754
4.585000 0.889027
4.595000 0.886300
4.605000 0.884118
4.615000 0.881391
4.625000 0.879210
4.635000 0.876483
4.645000 0.874301
4.655000 0.872119
4.665000 0.869938
4.675000 0.867756
4.685000 0.866120
4.695000 0.864483
4.705000 0.862847
4.715000 0.861211
4.725000 0.859575
4.735000 0.857938
4.745000 0.856848
4.755000 0.855211
4.765000 0.854120
4.775000 0.852484
4.785000 0.851393
4.795000 0.849757
4.805000 0.848666
4.815000 0.847030
4.825000 0.845939
4.835000 0.845394
4.845000 0.844303
4.855000 0.843212
4.865000 0.842667
4.875000 0.841576
4.885000 0.841031
4.895000 0.839940
4.905000 0.838849
4.915000 0.838303
4.925000 0.837758
4.935000 0.837213
4.945000 0.836667
4.955000 0.836122
4.965000 0.836122
4.975000 0.835576
4.985000 0.835576
4.995000 0.835576
5.005000 0.835031
5.015000 0.835031
5.025000 0.835031
5.035000 0.835031
5.045000 0.835031
5.055000 0.835031
5.065000 0.835031
5.075000 0.835031
5.085000 0.835031
5.095000 0.835031
5.105000 0.835031
5.115000 0.835031
5.125000 0.835031
5.135000 0.835031
5.145000 0.835031
5.155000 0.835031
5.165000 0.835031
5.175000 0.835031
5.185000 0.835031
5.195000 0.835031
5.205000 0.835031
5.215000 0.835031
5.225000 0.835031
5.235000 0.835031
5.245000 0.835031
5.255000 0.835031
5.265000 0.835031
5.275000 0.835031
5.285000 0.835031
5.295000 0.835031
5.305000 0.835031
5.315000 0.835031
5.325000 0.835031
5.335000 0.835031
5.345000 0.835031
5.355000 0.835031
5.365000 0.835031
5.380000 0.835031
5.390000 0.835031
5.400000 0.835031
5.410000 0.835031
5.420000 0.835031
5.430000 0.835031
5.440000 0.835031
5.450000 0.835031
5.460000 0.835031
5.470000 0.835031
5.480000 0.835031
5.490000 0.835031
5.500000 0.835031
5.510000 0.835031
5.520000 0.835031
5.530000 0.835031
5.540000 0.835031
5.550000 0.835031
5.560000 0.835031
5.570000 0.835031
5.590000 0.835031
5.600000 0.835031
5.610000 0.835031
5.620000 0.835031
5.630000 0.835031
5.640000 0.835031
5.650000 0.835031
5.660000 0.835031
5.670000 0.835031
5.680000 0.835031
5.690000 0.835031
5.700000 0.835031
5.710000 0.835031
5.720000 0.835031
5.730000 0.835031
5.740000 0.835031
5.750000 0.835031
5.760000 0.835031
5.770000 0.835031
5.780000 0.835031
5.790000 0.835031
5.800000 0.835031
5.810000 0.835031
5.820000 0.835031
5.830000 0.835031
5.840000 0.835031
5.850000 0.835031
5.860000 0.835031
5.880000 0.835031
5.890000 0.835031
5.900000 0.835031
5.910000 0.835031
5.920000 0.835031
5.930000 0.835031
5.940000 0.835031
5.950000 0.835031
5.960000 0.835031
5.970000 0.835031
5.980000 0.835031
5.990000 0.835031
6.000000 0.835031
6.010000 0.835031
6.020000 0.835031
6.030000 0.835031
6.040000 0.835031
6.050000 0.835031
6.060000 0.835031
6.070000 0.835031
6.080000 0.835031
6.090000 0.835031
6.100000 0.835031
6.110000 0.835031
6.120000 0.835031
6.130000 0.835031
6.140000 0.835031
6.160000 0.835031
6.170000 0.835031
6.180000 0.835031
6.190000 0.835031
6.200000 0.835031
6.210000 0.835031
6.220000 0.835031
6.230000 0.835031
6.240000 0.835031
6.250000 0.835031
6.260000 0.835031
6.270000 0.835031
6.280000 0.835031
6.300000 0.835031
6.310000 0.835031
6.320000 0.835031
6.330000 0.835031
6.340000 0.835031
6.350000 0.835031
6.360000 0.835031
6.370000 0.835031
6.380000 0.835031
6.390000 0.835031
6.400000 0.835031
6.410000 0.835031
6.420000 0.835031
6.430000 0.835031
6.440000 0.835031
6.450000 0.835031
6.460000 0.835031
6.470000 0.835031
6.480000 0.835031
6.490000 0.835031
6.500000 0.835031
6.510000 0.835031
6.520000 0.835031
6.530000 0.835031
6.540000 0.835031
6.550000 0.835031
6.560000 0.835031
6.570000 0.835031
6.580000 0.835031
6.590000 0.835031
6.600000 0.835031
6.610000 0.835031
6.620000 0.835031
6.630000 0.835031
6.640000 0.835031
6.650000 0.835031
6.660000 0.835031
6.670000 0.835031
6.680000 0.835031
6.690000 0.835031
6.700000 0.835031
6.710000 0.835031
6.730000 0.835031
6.740000 0.835031
6.750000 0.835031
6.760000 0.835031
6.770000 0.835031
6.780000 0.835031
6.790000 0.835031
6.800000 0.835031
6.810000 0.835031
6.820000 0.835031
6.830000 0.835031
6.840000 0.835031
6.850000 0.835031
6.870000 0.835031
6.880000 0.835031
6.890000 0.835031
6.900000 0.835031
6.910000 0.835031
6.920000 0.835031
6.930000 0.835031
6.940000 0.835031
6.950000 0.835031
6.960000 0.835031
6.970000 0.835031
6.980000 0.835031
6.990000 0.835031
7.000000 0.835031
7.010000 0.835031
7.020000 0.835031
7.030000 0.835031
7.040000 0.835031
7.050000 0.835031
7.060000 0.835031
7.070000 0.835031
7.080000 0.835031
7.090000 0.835031
7.100000 0.835031
7.110000 0.835031
7.120000 0.835031
7.130000 0.835031
7.140000 0.835031
7.150000 0.835031
7.160000 0.835031
7.170000 0.835031
7.180000 0.835031
7.190000 0.835031
7.200000 0.835031
7.210000 0.835031
7.220000 0.835031
7.230000 0.835031
7.240000 0.835031
7.250000 0.835031
7.260000 0.835031
7.270000 0.835031
7.280000 0.835031
7.290000 0.835031
7.300000 0.835031
7.310000 0.835031
7.320000 0.835031
7.330000 0.835031
7.340000 0.835031
7.350000 0.835031
7.360000 0.835031
7.370000 0.835031
7.385000 0.835031
7.395000 0.835031
7.405000 0.835031
7.415000 0.835031
7.425000 0.835031
7.435000 0.835031
7.445000 0.835031
7.455000 0.835031
7.465000 0.835031
7.475000 0.835031
7.485000 0.835031
7.495000 0.835031
7.505000 0.835031
7.515000 0.835031
7.525000 0.835031
7.535000 0.835031
7.545000 0.835031
7.555000 0.835031
7.565000 0.835031
7.575000 0.835031
7.585000 0.835031
7.595000 0.835031
7.605000 0.835031
7.615000 0.835031
7.625000 0.835031
7.635000 0.835031
7.645000 0.835031
7.655000 0.835031
7.665000 0.835031
7.675000 0.835031
7.685000 0.835031
7.695000 0.835031
7.705000 0.835031
7.715000 0.835031
7.725000 0.835031
7.735000 0.835031
7.745000 0.835031
7.755000 0.835031
7.765000 0.835031
7.775000 0.835031
7.785000 0.835031
7.795000 0.835031
7.805000 0.835031
7.815000 0.835031
7.825000 0.835031
7.835000 0.835031
7.845000 0.835031
7.855000 0.835031
7.865000 0.835031
7.875000 0.835031
7.885000 0.835031
7.895000 0.835031
7.905000 0.835031
7.915000 0.835031
7.925000 0.835031
7.935000 0.835031
7.945000 0.835031
7.955000 0.835031
7.965000 0.835031
7.975000 0.835031
7.985000 0.835031
7.995000 0.835031
8.005000 0.835031
8.014999 0.835031
8.025000 0.835031
8.035000 0.835031
8.045000 0.835031
8.054999 0.835031
8.065000 0.835031
8.075000 0.835031
8.085000 0.835031
8.095000 0.835031
8.105000 0.835031
8.115000 0.835031
8.125000 0.835031
8.135000 0.835031
8.145000 0.835031
8.155000 0.835031
8.165000 0.835031
8.175000 0.835031
8.184999 0.835031
8.195000 0.835031
8.205000 0.835031
8.215000 0.835031
8.224999 0.835031
8.235000 0.835031
8.245000 0.835031
8.255000 0.835031
8.264999 0.835031
8.275000 0.835031
8.285000 0.835031
8.295000 0.835031
8.304999 0.835031
8.315000 0.835031
8.325000 0.835031
8.335000 0.835031
8.345000 0.835031
8.355000 0.835031
8.365000 0.835031
8.375000 0.835031
8.385000 0.835031
8.395000 0.835031
8.405000 0.835031
8.415000 0.835031
8.425000 0.835031
8.434999 0.835031
8.445000 0.835576
8.455000 0.836122
8.465000 0.836667
8.474999 0.837213
8.485000 0.838303
8.495000 0.838849
8.505000 0.839940
8.514999 0.841031
8.525000 0.842121
8.535000 0.843212
8.545000 0.844303
8.554999 0.845394
8.565000 0.845939
8.575000 0.847030
8.585000 0.847576
8.595000 0.848666
8.605000 0.849757
8.615000 0.851393
8.625000 0.852484
8.635000 0.854120
8.645000 0.855211
8.655000 0.856848
8.665000 0.857938
8.675000 0.859575
8.684999 0.860666
8.695000 0.862302
8.705000 0.863938
8.715000 0.865574
8.724999 0.866665
8.735000 0.867756
8.745000 0.869392
8.755000 0.870483
8.764999 0.872119
8.775000 0.873755
8.785000 0.875392
8.795000 0.877028
8.804999 0.878664
8.815000 0.880300
8.825000 0.882482
8.835000 0.884664
8.845000 0.886300
8.855000 0.888482
8.865000 0.890118
8.875000 0.892300
8.885000 0.893936
8.895000 0.896118
8.905000 0.898299
8.915000 0.899935
8.925000 0.902117
8.934999 0.903753
8.945000 0.905935
8.955000 0.907571
8.965000 0.909753
8.974999 0.911389
8.985000 0.913571
8.995000 0.915207
9.005000 0.917389
9.014999 0.919025
9.025000 0.920661
9.035000 0.922297
9.045000 0.923934
9.054999 0.925570
9.065000 0.927752
9.075000 0.929933
9.085000 0.931570
9.095000 0.933751
9.105000 0.935933
9.115000 0.938114
9.125000 0.939751
9.135000 0.941387
9.145000 0.943569
9.155000 0.945205
9.165000 0.946841
9.175000 0.949023
9.184999 0.950659
9.195000 0.952295
9.205000 0.953932
9.215000 0.956113
9.224999 0.958295
9.235000 0.960477
9.245000 0.962113
9.255000 0.963749
9.264999 0.965931
9.275000 0.968112
9.285000 0.970294
9.295000 0.972476
9.304999 0.974112
9.315000 0.976294
9.325000 0.977930
9.335000 0.980111
9.345000 0.982293
9.355000 0.983929
9.365000 0.986111
9.375000 0.987747
9.389999 0.989384
9.400000 0.991020
9.410000 0.992656
9.420000 0.994292
9.429999 0.995383
9.440000 0.997019
9.450000 0.998110
9.460000 0.999746
9.469999 1.000837
9.480000 1.002473
9.490000 1.003564
9.500000 1.004655
9.510000 1.005746
9.520000 1.007382
9.530000 1.009018
9.540000 1.010109
9.550000 1.011746
9.559999 1.013382
9.570000 1.014473
9.580000 1.015563
9.590000 1.017200
9.599999 1.018291
9.610000 1.019927
9.620000 1.021563
9.630000 1.023199
9.639999 1.024835
9.650000 1.026472
9.660000 1.028108
9.670000 1.029199
9.679999 1.030835
9.690000 1.032471
9.700000 1.033562
9.710000 1.034653
9.719999 1.035744
9.730000 1.036835
9.740000 1.037925
9.750000 1.039016
9.760000 1.039562
9.770000 1.040653
9.780000 1.041743
9.790000 1.042289
9.800000 1.043380
9.809999 1.044470
9.820000 1.045016
9.830000 1.045561
9.840000 1.046107
9.849999 1.046652
9.860000 1.047743
9.870000 1.048288
9.880000 1.049379
9.889999 1.050470
9.900000 1.051561
9.910000 1.052652
9.920000 1.053743
9.929999 1.054288
9.940000 1.054833
9.950000 1.054833
9.960000 1.054833
9.969999 1.054833
9.980000 1.054833
9.990000 1.054833
10.000000 1.054833
10.010000 1.054833
10.020000 1.054833
10.030000 1.054833
10.040000 1.054833
10.050000 1.054833
10.059999 1.054833
10.070000 1.054833
10.080000 1.054833
10.090000 1.054833
10.099999 1.054833
10.110000 1.054833
10.120000 1.054833
10.130000 1.054833
10.139999 1.054833
10.150000 1.054833
10.160000 1.054833
10.170000 1.054833
10.179999 1.054833
10.190000 1.054833
10.200000 1.054833
10.210000 1.054833
10.219999 1.054833
10.230000 1.054833
10.240000 1.054833
10.250000 1.054833
10.260000 1.054833
10.270000 1.054833
10.280000 1.054833
10.290000 1.054833
10.300000 1.054833
10.309999 1.054833
10.320000 1.054833
10.330000 1.054833
10.340000 1.054833
10.349999 1.054833
10.360000 1.054833
10.370000 1.054833
10.380000 1.054833
10.389999 1.054833
10.400000 1.054833
10.410000 1.054833
10.420000 1.054833
10.429999 1.054833
10.440000 1.054833
10.450000 1.054833
10.460000 1.054833
10.469999 1.054833
10.480000 1.054833
10.490000 1.054833
10.500000 1.054833
10.510000 1.054833
10.520000 1.054833
10.530000 1.054833
10.540000 1.054833
10.550000 1.054833
10.559999 1.054833
10.570000 1.054833
10.580000 1.054833
10.590000 1.054833
10.599999 1.054833
10.610000 1.054833
10.620000 1.054833
10.630000 1.054833
10.639999 1.054833
10.650000 1.054833
10.660000 1.054833
10.670000 1.054833
10.679999 1.054833
10.690000 1.054833
10.700000 1.054833
10.710000 1.054833
10.719999 1.054833
10.730000 1.054833
10.740000 1.054833
10.750000 1.054833
10.760000 1.054833
10.770000 1.054833
10.780000 1.054833
10.790000 1.054833
10.800000 1.054833
10.809999 1.054833
10.820000 1.054833
10.830000 1.054833
10.840000 1.054833
10.849999 1.054833
10.860000 1.054833
10.870000 1.054833
10.880000 1.054833
10.889999 1.054833
10.900000 1.054833
10.910000 1.054833
10.920000 1.054833
10.929999 1.054833
10.940000 1.054833
10.950000 1.054833
10.960000 1.054833
10.969999 1.054833
10.980000 1.054833
10.990000 1.054833
11.000000 1.054833
11.010000 1.054833
11.020000 1.054833
11.030000 1.054833
11.040000 1.054833
11.050000 1.054833
11.059999 1.054833
11.070000 1.054833
11.080000 1.054833
11.090000 1.054833
11.099999 1.054833
11.110000 1.054833
11.120000 1.054833
11.130000 1.054833
11.139999 1.054833
11.150000 1.054833
11.160000 1.054833
11.170000 1.054833
11.179999 1.054833
11.190000 1.054833
11.200000 1.054833
11.210000 1.054833
11.219999 1.054833
11.230000 1.054833
11.240000 1.054833
11.250000 1.054833
11.259999 1.054833
11.270000 1.054833
11.280000 1.054833
11.290000 1.054833
11.300000 1.054833
11.309999 1.054833
11.320000 1.054833
11.330000 1.054833
11.340000 1.054833
11.349999 1.054833
11.360000 1.054833
11.370000 1.054833
11.380000 1.054833
11.395000 1.054833
11.405000 1.054833
11.415000 1.054833
11.425000 1.054833
11.434999 1.054833
11.445000 1.054833
11.455000 1.054833
11.465000 1.054833
11.474999 1.054833
11.485000 1.054833
11.495000 1.054833
11.505000 1.054833
11.514999 1.054833
11.525000 1.054833
11.535000 1.054833
11.545000 1.054833
11.554999 1.054833
11.565000 1.054833
11.575000 1.054833
11.585000 1.054833
11.594999 1.054833
11.605000 1.054833
11.615000 1.054833
11.625000 1.054833
11.634999 1.054833
11.645000 1.054833
11.655000 1.054833
11.665000 1.054833
11.675000 1.054833
11.684999 1.054833
11.695000 1.054833
11.705000 1.054833
11.715000 1.054833
11.724999 1.054833
11.735000 1.054833
11.745000 1.054833
11.755000 1.054833
11.764999 1.054833
11.775000 1.054833
11.785000 1.054833
11.795000 1.054833
11.804999 1.054833
11.815000 1.054833
11.825000 1.054833
11.835000 1.054833
11.844999 1.054833
11.855000 1.054833
11.865000 1.054833
11.875000 1.054833
11.884999 1.054833
11.895000 1.054833
11.905000 1.054833
11.915000 1.054833
11.925000 1.054833
11.934999 1.054833
11.945000 1.054833
11.955000 1.054833
11.965000 1.054833
11.974999 1.054833
11.985000 1.054833
11.995000 1.054833
12.005000 1.054833
12.014999 1.054833
12.025000 1.054833
12.035000 1.054833
12.045000 1.054833
12.054999 1.054833
12.065000 1.054833
12.075000 1.054833
12.085000 1.054833
12.094999 1.054833
12.105000 1.054833
12.115000 1.054833
12.125000 1.054833
12.134999 1.054833
12.155000 1.054833
12.165000 1.054833
12.175000 1.054833
12.184999 1.054833
12.195000 1.054833
12.205000 1.054833
12.215000 1.054833
12.224999 1.054833
12.235000 1.054833
12.245000 1.054833
12.255000 1.054833
12.264999 1.054833
12.275000 1.054833
12.295000 1.054833
12.304999 1.054833
12.315000 1.054833
12.325000 1.054833
12.335000 1.054833
12.344999 1.054833
12.355000 1.054833
12.365000 1.054833
12.375000 1.054833
12.384999 1.054833
12.395000 1.054833
12.405000 1.054833
12.415000 1.054833
12.425000 1.054833
12.434999 1.054833
12.445000 1.054833
12.455000 1.054833
12.465000 1.054833
12.474999 1.054833
12.485000 1.054833
12.495000 1.054833
12.505000 1.054833
12.514999 1.054833
12.525000 1.054833
12.535000 1.054833
12.545000 1.054833
12.554999 1.054833
12.575000 1.054833
12.585000 1.054833
12.594999 1.054833
12.605000 1.054833
12.615000 1.054833
12.625000 1.054833
12.634999 1.054833
12.645000 1.054833
12.655000 1.054833
12.665000 1.054833
12.675000 1.054833
12.684999 1.054833
12.695000 1.054833
12.715000 1.054833
12.724999 1.054833
12.735000 1.054833
12.745000 1.054833
12.755000 1.054833
12.764999 1.054833
12.775000 1.054833
12.785000 1.054833
12.795000 1.054833
12.804999 1.054833
12.815000 1.054833
12.825000 1.054833
12.835000 1.054833
12.844999 1.054833
12.865000 1.054833
12.875000 1.054833
12.884999 1.054833
12.895000 1.054833
12.905000 1.054833
12.915000 1.054833
12.924999 1.054833
12.934999 1.054833
12.945000 1.054833
12.955000 1.054833
12.965000 1.054833
12.974999 1.054833
12.985000 1.054833
12.995000 1.054833
13.005000 1.054833
13.014999 1.054833
13.025000 1.054833
13.035000 1.054833
13.045000 1.054833
13.054999 1.054833
13.065000 1.054833
13.075000 1.054833
13.085000 1.054833
13.094999 1.054833
13.105000 1.054833
13.115000 1.054833
13.125000 1.054833
13.145000 1.054833
13.155000 1.054833
13.165000 1.054833
13.174999 1.054833
13.184999 1.054833
13.195000 1.054833
13.205000 1.054833
13.215000 1.054833
13.224999 1.054833
13.235000 1.054833
13.245000 1.054833
13.255000 1.054833
13.264999 1.054833
13.285000 1.054833
13.295000 1.054833
13.304999 1.054833
13.315000 1.054833
13.325000 1.054833
13.335000 1.054833
13.344999 1.054833
13.355000 1.054833
13.365000 1.054833
13.375000 1.054833
13.384999 1.054833
13.400000 1.054833
13.410000 1.054833
13.420000 1.054833
13.429999 1.054833
13.440000 1.054833
13.450000 1.054833
13.460000 1.054833
13.469999 1.054833
13.480000 1.054833
13.490000 1.054833
13.500000 1.054833
13.509999 1.054833
13.520000 1.054833
13.530000 1.054833
13.540000 1.054833
13.549999 1.054833
13.559999 1.054833
13.570000 1.054833
13.580000 1.054833
13.590000 1.054833
13.599999 1.054833
13.610000 1.054833
13.620000 1.054833
13.630000 1.054833
13.639999 1.054833
13.650000 1.054833
13.660000 1.054833
13.670000 1.054833
13.679999 1.054833
13.690000 1.054833
13.700000 1.054833
13.710000 1.054833
13.719999 1.054833
13.730000 1.054833
13.740000 1.054833
13.750000 1.054833
13.759999 1.054833
13.770000 1.054833
13.780000 1.054833
13.790000 1.054833
13.799999 1.054833
13.809999 1.054833
13.820000 1.054833
13.830000 1.054833
13.840000 1.054833
13.849999 1.054833
13.860000 1.054833
13.870000 1.054833
13.880000 1.054833
13.889999 1.054833
13.900000 1.054833
13.910000 1.054833
13.920000 1.054833
13.929999 1.054833
13.940000 1.054833
13.950000 1.054833
13.960000 1.054833
13.969999 1.054833
13.980000 1.054833
13.990000 1.054833
14.000000 1.054833
14.009999 1.054833
14.020000 1.054833
14.030000 1.054833
14.040000 1.054833
14.049999 1.054833
14.059999 1.054833
14.070000 1.054833
14.080000 1.054833
14.090000 1.054833
14.099999 1.054833
14.110000 1.054833
14.120000 1.054833
14.130000 1.054833
14.139999 1.054833
14.150000 1.054833
14.160000 1.054833
14.170000 1.054833
14.179999 1.054833
14.190000 1.054833
14.200000 1.054833
14.210000 1.054833
14.219999 1.054833
14.230000 1.054833
14.240000 1.054833
14.250000 1.054833
14.259999 1.054833
14.270000 1.054833
14.280000 1.054833
14.290000 1.054833
14.299999 1.054833
14.309999 1.054833
14.320000 1.054833
14.330000 1.054833
14.340000 1.054833
14.349999 1.054833
14.360000 1.054833
14.370000 1.054833
14.380000 1.054833
14.389999 1.054833
14.400000 1.054833
14.410000 1.054833
14.420000 1.054833
14.429999 1.054833
14.440000 1.054833
14.450000 1.054833
14.460000 1.054833
14.469999 1.054833
14.480000 1.054833
14.490000 1.054833
14.500000 1.054833
14.509999 1.054833
14.520000 1.054833
14.530000 1.054833
14.540000 1.054833
14.549999 1.054833
14.559999 1.054833
14.570000 1.054833
14.580000 1.054833
14.589999 1.054833
14.599999 1.054833
14.610000 1.054833
14.620000 1.054833
14.630000 1.054833
14.639999 1.054833
14.650000 1.054833
14.660000 1.054833
14.670000 1.054833
14.679999 1.054833
14.690000 1.054833
14.700000 1.054833
14.710000 1.054833
14.719999 1.054833
14.730000 1.054833
14.740000 1.054833
14.750000 1.054833
14.759999 1.054833
14.770000 1.054833
14.780000 1.054833
14.790000 1.054833
14.799999 1.054833
14.809999 1.054833
14.820000 1.054833
14.830000 1.054833
14.839999 1.054833
14.849999 1.054833
14.860000 1.054833
14.870000 1.054833
14.880000 1.054833
14.889999 1.054833
14.900000 1.054833
14.910000 1.054833
14.920000 1.054833
14.929999 1.054833
14.940000 1.054833
14.950000 1.054833
14.960000 1.054833
14.969999 1.054833
14.980000 1.054833
14.990000 1.054833
15.000000 1.054833
15.009999 1.054833
15.020000 1.054833
15.030000 1.054833
15.040000 1.054833
15.049999 1.054833
15.059999 1.054833
15.070000 1.054833
15.080000 1.054833
15.089999 1.054833
15.099999 1.054833
15.110000 1.054833
15.120000 1.054833
15.130000 1.054833
15.139999 1.054833
15.150000 1.054833
15.160000 1.054833
15.170000 1.054833
15.179999 1.054833
15.190000 1.054833
15.200000 1.054833
15.210000 1.054833
15.219999 1.054833
15.230000 1.054833
15.240000 1.054833
15.250000 1.054833
15.259999 1.054833
15.270000 1.054833
15.280000 1.054833
15.290000 1.054833
15.299999 1.054833
15.309999 1.054833
15.320000 1.054833
15.330000 1.054833
15.339999 1.054833
15.349999 1.054833
15.360000 1.054833
15.370000 1.054833
15.380000 1.054833
15.389999 1.054833
15.405000 1.054833
15.415000 1.054833
15.424999 1.054833
15.434999 1.054833
15.445000 1.054833
15.455000 1.054833
15.464999 1.054833
15.474999 1.054833
15.485000 1.054833
15.495000 1.054833
15.505000 1.054833
15.514999 1.054833
15.525000 1.054833
15.535000 1.054833
15.545000 1.054833
15.554999 1.054833
15.565000 1.054833
15.575000 1.054833
15.585000 1.054833
15.594999 1.054833
15.605000 1.054833
15.615000 1.054833
15.625000 1.054833
15.634999 1.054833
15.645000 1.054833
15.655000 1.054833
15.665000 1.054833
15.674999 1.054833
15.684999 1.054833
15.695000 1.054833
15.705000 1.054833
15.714999 1.054833
15.724999 1.054833
15.735000 1.054833
15.745000 1.054833
15.755000 1.054833
15.764999 1.054833
15.775000 1.054833
15.785000 1.054833
15.795000 1.054833
15.804999 1.054833
15.815000 1.054833
15.825000 1.054833
15.835000 1.054833
15.844999 1.054833
15.855000 1.054833
15.865000 1.054833
15.875000 1.054833
15.884999 1.054833
15.895000 1.054833
15.905000 1.054833
15.915000 1.054833
15.924999 1.054833
15.934999 1.054833
15.945000 1.054833
15.955000 1.054833
15.964999 1.054833
15.974999 1.054833
15.985000 1.054833
15.995000 1.054833
16.004999 1.054833
16.014999 1.054833
16.025000 1.054833
16.035000 1.054833
16.045000 1.054833
16.055000 1.054833
16.065001 1.054833
16.074999 1.054833
16.084999 1.054833
16.094999 1.054833
16.105000 1.054833
16.115000 1.054833
16.125000 1.054833
16.135000 1.054833
16.145000 1.054833
16.154999 1.054833
16.164999 1.054833
16.174999 1.054833
16.184999 1.054833
16.195000 1.054833
16.205000 1.054833
16.215000 1.054833
16.225000 1.054833
16.234999 1.054833
16.244999 1.054833
16.254999 1.054833
16.264999 1.054833
16.275000 1.054833
16.285000 1.054833
16.295000 1.054833
16.305000 1.054833
16.315001 1.054833
16.324999 1.054833
16.334999 1.054833
16.344999 1.054833
16.355000 1.054833
16.365000 1.054833
16.375000 1.054833
16.385000 1.054833
16.395000 1.054833
16.404999 1.054833
16.414999 1.054833
16.424999 1.054833
16.434999 1.054833
16.445000 1.054833
16.455000 1.054833
16.465000 1.054833
16.475000 1.054833
16.484999 1.054833
16.494999 1.054833
16.504999 1.054833
16.514999 1.054833
16.525000 1.054833
16.535000 1.054833
16.545000 1.054833
16.555000 1.054833
16.565001 1.054833
16.574999 1.054833
16.584999 1.054833
16.594999 1.054833
16.605000 1.054833
16.615000 1.054833
16.625000 1.054833
16.635000 1.054833
16.645000 1.054833
16.654999 1.054833
16.664999 1.054833
16.674999 1.054833
16.684999 1.054833
16.695000 1.054833
16.705000 1.054833
16.715000 1.054833
16.725000 1.054833
16.734999 1.054833
16.744999 1.054833
16.754999 1.054833
16.764999 1.054833
16.775000 1.054833
16.785000 1.054833
16.795000 1.054833
16.805000 1.054833
16.815001 1.054833
16.824999 1.054833
16.834999 1.054833
16.844999 1.054833
16.855000 1.054833
16.865000 1.054833
16.875000 1.054833
16.885000 1.054833
16.895000 1.054833
16.904999 1.054833
16.914999 1.054833
16.924999 1.054833
16.934999 1.054833
16.945000 1.054833
16.955000 1.054833
16.965000 1.054833
16.975000 1.054833
16.984999 1.054833
16.994999 1.054833
17.004999 1.054833
17.014999 1.054833
17.025000 1.054833
17.035000 1.054833
17.045000 1.054833
17.055000 1.054833
17.065001 1.054833
17.074999 1.054833
17.084999 1.054833
17.094999 1.054833
17.105000 1.054833
17.115000 1.054833
17.125000 1.054833
17.135000 1.054833
17.145000 1.054833
17.154999 1.054833
17.164999 1.054833
17.174999 1.054833
17.184999 1.054833
17.195000 1.054833
17.205000 1.054833
17.215000 1.054833
17.225000 1.054833
17.234999 1.054833
17.244999 1.054833
17.254999 1.054833
17.264999 1.054833
17.275000 1.054833
17.285000 1.054833
17.295000 1.054833
17.305000 1.054833
17.315001 1.054833
17.324999 1.054833
17.334999 1.054833
17.344999 1.054833
17.355000 1.054833
17.365000 1.054833
17.375000 1.054833
17.385000 1.054833
17.395000 1.054833
17.410000 1.054833
17.420000 1.054833
17.430000 1.054833
17.440001 1.054833
17.449999 1.054833
17.459999 1.054833
17.469999 1.054833
17.480000 1.054833
17.490000 1.054833
17.500000 1.054833
17.510000 1.054833
17.520000 1.054833
17.529999 1.054833
17.539999 1.054833
17.549999 1.054833
17.559999 1.054833
17.570000 1.054833
17.580000 1.054833
17.590000 1.054833
17.600000 1.054833
17.609999 1.054833
17.619999 1.054833
17.629999 1.054833
17.639999 1.054833
17.650000 1.054833
17.660000 1.054833
17.670000 1.054833
17.680000 1.054833
17.690001 1.054833
17.699999 1.054833
17.709999 1.054833
17.719999 1.054833
17.730000 1.054833
17.740000 1.054833
17.750000 1.054833
17.760000 1.054833
17.770000 1.054833
17.779999 1.054833
17.789999 1.054833
17.799999 1.054833
17.809999 1.054833
17.820000 1.054833
17.830000 1.054833
17.840000 1.054833
17.850000 1.054833
17.859999 1.054833
17.869999 1.054833
17.879999 1.054833
17.889999 1.054833
17.900000 1.054833
17.910000 1.054833
17.920000 1.054833
17.930000 1.054833
17.940001 1.054833
17.949999 1.054833
17.959999 1.054833
17.969999 1.054833
17.980000 1.054833
17.990000 1.054833
18.000000 1.054833
18.010000 1.054833
18.020000 1.054833
18.029999 1.054833
18.039999 1.054833
18.049999 1.054833
18.059999 1.054833
18.070000 1.054833
18.080000 1.054833
18.090000 1.054833
18.100000 1.054833
18.109999 1.054833
18.119999 1.054833
18.129999 1.054833
18.139999 1.054833
18.150000 1.054833
18.160000 1.054833
18.170000 1.054833
18.180000 1.054833
18.190001 1.054833
18.199999 1.054833
18.209999 1.054833
18.219999 1.054833
18.230000 1.054833
18.240000 1.054833
18.250000 1.054833
18.260000 1.054833
18.270000 1.054833
18.279999 1.054833
18.289999 1.054833
18.299999 1.054833
18.309999 1.054833
18.320000 1.054833
18.330000 1.054833
18.340000 1.054833
18.350000 1.054833
18.359999 1.054833
18.369999 1.054833
18.379999 1.054833
18.389999 1.054833
18.400000 1.054833
18.410000 1.054833
18.420000 1.054833
18.430000 1.054833
18.440001 1.054833
18.449999 1.054833
18.459999 1.054833
18.469999 1.054833
18.480000 1.054833
18.490000 1.054833
18.500000 1.054833
18.510000 1.054833
18.520000 1.054833
18.529999 1.054833
18.539999 1.054833
18.549999 1.054833
18.559999 1.054833
18.570000 1.054833
18.580000 1.054833
18.590000 1.054833
18.600000 1.054833
18.609999 1.054833
18.619999 1.054833
18.629999 1.054833
18.639999 1.054833
18.650000 1.054833
18.660000 1.054833
18.670000 1.054833
18.680000 1.054833
18.690001 1.054833
18.699999 1.054833
18.709999 1.054833
18.719999 1.054833
18.730000 1.054833
18.740000 1.054833
18.750000 1.054833
18.760000 1.054833
18.770000 1.054833
18.779999 1.054833
18.789999 1.054833
18.799999 1.054833
18.809999 1.054833
18.820000 1.054833
18.830000 1.054833
18.840000 1.054833
18.850000 1.054833
18.859999 1.054833
18.869999 1.054833
18.879999 1.054833
18.889999 1.054833
18.900000 1.054833
18.910000 1.054833
18.920000 1.054833
18.930000 1.054833
18.939999 1.054833
18.949999 1.054833
18.959999 1.054833
18.969999 1.054833
19.000000 1.054833
19.010000 1.054833
19.020000 1.054833
19.029999 1.054833
19.039999 1.054833
19.049999 1.054833
19.059999 1.054833
19.070000 1.054833
19.080000 1.054833
19.090000 1.054833
19.100000 1.054833
19.109999 1.054833
19.129999 1.054833
19.139999 1.054833
19.150000 1.054833
19.160000 1.054833
19.170000 1.054833
19.180000 1.054833
19.189999 1.054833
19.199999 1.054833
19.209999 1.054833
19.219999 1.054833
19.230000 1.054833
19.240000 1.054833
19.250000 1.054833
19.260000 1.054833
19.279999 1.054833
19.289999 1.054833
19.299999 1.054833
19.309999 1.054833
19.320000 1.054833
19.330000 1.054833
19.340000 1.054833
19.350000 1.054833
19.359999 1.054833
19.369999 1.054833
19.379999 1.054833
19.389999 1.054833
19.400000 1.054833
19.414999 1.054833
19.424999 1.054833
19.434999 1.054833
19.445000 1.054833
19.455000 1.054833
19.465000 1.054833
19.475000 1.054833
19.484999 1.054833
19.494999 1.054833
19.504999 1.054833
19.514999 1.054833
19.525000 1.054833
19.535000 1.054833
19.545000 1.054833
19.564999 1.054833
19.574999 1.054833
19.584999 1.054833
19.594999 1.054833
19.605000 1.054833
19.615000 1.054833
19.625000 1.054833
19.635000 1.054833
19.645000 1.054833
19.654999 1.054833
19.664999 1.054833
19.674999 1.054833
19.684999 1.054833
19.705000 1.054833
19.715000 1.054833
19.725000 1.054833
19.734999 1.054833
19.744999 1.054833
19.754999 1.054833
19.764999 1.054833
19.775000 1.054833
19.785000 1.054833
19.795000 1.054833
19.805000 1.054833
19.814999 1.054833
19.824999 1.054833
19.834999 1.054833
19.844999 1.054833
19.855000 1.054833
19.865000 1.054833
19.875000 1.054833
19.885000 1.054833
19.895000 1.054833
19.904999 1.054833
19.914999 1.054833
19.924999 1.054833
19.934999 1.054833
19.945000 1.054833
19.955000 1.054833
19.965000 1.054833
19.975000 1.054833
19.984999 1.054833
19.994999 1.054833
20.004999 1.054833
20.014999 1.054833
20.025000 1.054833
20.035000 1.054833
20.045000 1.054833
20.055000 1.054833
