0.000000 0.000000
0.010000 0.978183
0.020000 0.890372
0.030000 0.757836
0.040000 0.597483
0.050000 0.418587
0.060000 0.241873
0.070000 0.118063
0.080000 0.025343
0.090000 -0.039562
0.100000 -0.078832
0.110000 -0.102285
0.120000 -0.113193
0.130000 -0.113193
0.140000 -0.108829
0.150000 -0.099012
0.160000 -0.086468
0.170000 -0.073377
0.180000 -0.059742
0.190000 -0.047198
0.200000 -0.036289
0.210000 -0.027017
0.220000 -0.018836
0.230000 -0.012291
0.240000 -0.007382
0.250000 -0.004110
0.260000 -0.000837
0.270000 0.000799
0.280000 0.002435
0.290000 0.002981
0.300000 0.003526
0.310000 0.003526
0.320000 0.003526
0.330000 0.003526
0.340000 0.003526
0.350000 0.003526
0.360000 0.003526
0.370000 0.003526
0.380000 0.003526
0.390000 0.003526
0.400000 0.003526
0.410000 0.003526
0.420000 0.003526
0.430000 0.003526
0.440000 0.003526
0.450000 0.002981
0.460000 0.002981
0.470000 0.002435
0.480000 0.001890
0.490000 0.001344
0.500000 0.001344
0.510000 0.000254
0.520000 0.000254
0.530000 0.000254
0.540000 0.000254
0.550000 0.000254
0.560000 0.000254
0.570000 0.000254
0.580000 0.000254
0.590000 0.000254
0.600000 0.000254
0.610000 0.000254
0.620000 -0.000292
0.630000 -0.000292
0.640000 -0.000292
0.650000 -0.000292
0.660000 -0.000292
0.670000 -0.000292
0.680000 -0.000292
0.690000 -0.000292
0.700000 -0.000292
0.710000 -0.000292
0.720000 -0.000292
0.730000 -0.000292
0.740000 -0.000292
0.750000 -0.000292
0.760000 -0.000292
0.770000 -0.000292
0.780000 -0.000292
0.790000 -0.000292
0.800000 -0.000292
0.810000 -0.000292
0.820000 -0.000292
0.830000 -0.000292
0.840000 -0.000292
0.850000 -0.000292
0.860000 -0.000292
0.870000 -0.000292
0.880000 -0.000292
0.890000 -0.000292
0.900000 -0.000292
0.910000 -0.000292
0.920000 -0.000292
0.930000 -0.000292
0.940000 -0.000292
0.950000 -0.000292
0.960000 -0.000292
0.970000 -0.000292
0.980000 -0.000292
0.990000 -0.000292
1.000000 -0.000292
1.010000 -0.000292
1.020000 -0.000292
1.030000 -0.000292
1.040000 -0.000292
1.050000 -0.000292
1.060000 -0.000292
1.080000 -0.000292
1.090000 -0.000292
1.100000 -0.000292
1.110000 -0.000292
1.120000 -0.000292
1.130000 -0.000292
1.140000 -0.000292
1.150000 -0.000292
1.160000 -0.000292
1.170000 -0.000292
1.180000 -0.000292
1.190000 -0.000292
1.200000 -0.000292
1.210000 -0.000292
1.220000 -0.000292
1.230000 -0.000292
1.240000 -0.000292
1.250000 -0.000292
1.260000 -0.000292
1.270000 -0.000292
1.280000 -0.000292
1.290000 -0.000292
1.300000 -0.000292
1.310000 -0.000292
1.325000 -0.000292
1.335000 -0.000292
1.345000 -0.000292
1.355000 -0.000292
1.365000 -0.000292
1.375000 -0.000292
1.385000 -0.000292
1.395000 -0.000292
1.405000 -0.000292
1.415000 -0.000292
1.425000 -0.000292
1.435000 -0.000292
1.445000 -0.000292
1.455000 -0.000292
1.465000 -0.000292
1.475000 -0.000292
1.485000 -0.000292
1.495000 -0.000292
1.505000 -0.000292
1.515000 -0.000292
1.525000 -0.000292
1.535000 -0.000292
1.545000 -0.000292
1.555000 -0.000292
1.565000 -0.000292
1.575000 -0.000292
1.585000 -0.000292
1.595000 -0.000292
1.605000 -0.000292
1.615000 -0.000292
1.625000 -0.000292
1.635000 -0.000292
1.645000 -0.000292
1.655000 -0.000292
1.665000 -0.000292
1.675000 -0.000292
1.685000 -0.000292
1.695000 -0.000292
1.705000 -0.000292
1.715000 -0.000292
1.725000 -0.000292
1.735000 -0.000292
1.745000 -0.000292
1.755000 -0.000292
1.765000 -0.000292
1.775000 -0.000292
1.785000 -0.000292
1.795000 -0.000292
1.805000 -0.000292
1.815000 -0.000292
1.825000 -0.000292
1.835000 -0.000292
1.845000 -0.000292
1.855000 -0.000292
1.865000 -0.000292
1.875000 -0.000292
1.885000 -0.000292
1.895000 -0.000292
1.905000 -0.000292
1.915000 -0.000292
1.925000 -0.000292
1.935000 -0.000292
1.945000 -0.000292
1.955000 -0.000292
1.965000 -0.000292
1.975000 -0.000292
1.985000 -0.000292
1.995000 -0.000292
2.005000 -0.000292
2.015000 -0.000292
2.025000 -0.000292
2.035000 -0.000292
2.045000 -0.000292
2.055000 -0.000292
2.065000 -0.000292
2.075000 -0.000292
2.085000 -0.000292
2.095000 -0.000292
2.105000 -0.000292
2.115000 -0.000292
2.125000 -0.000292
2.135000 -0.000292
2.145000 -0.000292
2.155000 -0.000292
2.165000 -0.000292
2.175000 -0.000292
2.185000 -0.000292
2.195000 -0.000292
2.205000 -0.000292
2.225000 -0.000292
2.235000 -0.000292
2.245000 -0.000292
2.255000 -0.000292
2.265000 -0.000292
2.275000 -0.000292
2.285000 -0.000292
2.295000 -0.000292
2.305000 -0.000292
2.315000 -0.000292
2.325000 0.000254
2.335000 0.000254
2.345000 0.000254
2.355000 0.000254
2.365000 0.000254
2.375000 0.000254
2.385000 0.000254
2.395000 0.000254
2.405000 0.000254
2.415000 0.000254
2.425000 0.000254
2.435000 0.000254
2.445000 0.000254
2.455000 0.000254
2.465000 0.000254
2.475000 0.000254
2.485000 0.000254
2.495000 0.000254
2.505000 0.000254
2.515000 0.000254
2.525000 0.000254
2.535000 0.000254
2.545000 0.000254
2.555000 0.000254
2.565000 0.000254
2.575000 0.000254
2.585000 0.000254
2.595000 0.000254
2.605000 0.000254
2.615000 0.000254
2.625000 0.000254
2.635000 0.000254
2.655000 0.000254
2.665000 0.000254
2.675000 0.000254
2.685000 0.000254
2.695000 0.000254
2.705000 0.000254
2.715000 0.000254
2.725000 0.000254
2.735000 0.000254
2.745000 0.000254
2.755000 0.000254
2.765000 0.000254
2.775000 0.000254
2.785000 0.000254
2.795000 0.000254
2.805000 0.000254
2.815000 0.000254
2.825000 0.000254
2.835000 0.000254
2.845000 0.000254
2.855000 0.000254
2.865000 0.000254
2.875000 0.000254
2.885000 0.000254
2.895000 0.000254
2.905000 0.000254
2.915000 0.000254
2.925000 0.000254
2.935000 0.000254
2.945000 0.000254
2.955000 0.000254
2.965000 0.000254
2.975000 0.000254
2.985000 0.000254
2.995000 0.000254
3.005000 0.000254
3.015000 0.000254
3.025000 0.000254
3.035000 0.000254
3.045000 0.000254
3.055000 0.000254
3.065000 0.000254
3.075000 0.000254
3.085000 0.000254
3.095000 0.000254
3.105000 0.000254
3.115000 0.000254
3.125000 0.000254
3.135000 0.000254
3.145000 0.000254
3.155000 0.000254
3.165000 0.000254
3.175000 0.000254
3.185000 0.000254
3.195000 0.000254
3.205000 0.000254
3.215000 0.000254
3.225000 0.000254
3.235000 0.000254
3.245000 0.000254
3.255000 0.000254
3.265000 0.000254
3.275000 0.000254
3.285000 0.000254
3.295000 0.000254
3.305000 0.000254
3.315000 0.000254
3.330000 0.000254
3.340000 0.000254
3.350000 0.000254
3.360000 0.000254
3.370000 0.000254
3.380000 0.000254
3.390000 0.000254
3.400000 0.000254
3.410000 0.000254
3.420000 0.000254
3.430000 0.000254
3.440000 0.000254
3.450000 0.000254
3.460000 0.000254
3.470000 0.000254
3.480000 0.000254
3.490000 0.000254
3.500000 0.000254
3.510000 0.000254
3.520000 0.000254
3.530000 0.000254
3.540000 0.000254
3.550000 0.000254
3.560000 0.000254
3.570000 0.000254
3.580000 0.000254
3.590000 0.000254
3.600000 0.000254
3.610000 0.000254
3.620000 0.000254
3.630000 0.000254
3.640000 0.000254
3.650000 0.000254
3.660000 0.000254
3.670000 0.000254
3.680000 0.000254
3.690000 0.000254
3.700000 0.000254
3.710000 0.000254
3.720000 0.000254
3.730000 0.000254
3.740000 0.000254
3.750000 0.000254
3.760000 0.000254
3.770000 0.000254
3.780000 0.000254
3.790000 0.000254
3.800000 0.000254
3.810000 0.000254
3.820000 0.000254
3.830000 0.000254
3.840000 0.000254
3.850000 0.000254
3.860000 0.000254
3.870000 0.000254
3.880000 0.000254
3.890000 0.000254
3.900000 0.000254
3.910000 0.000254
3.920000 0.000254
3.930000 0.000254
3.940000 0.000254
3.950000 0.000254
3.960000 0.000254
3.970000 0.000254
3.980000 0.000254
3.990000 0.000254
4.000000 0.000254
4.010000 0.000254
